2
153
157
189
257
351
646
795
818
819
824
827
884
1074
1122
1156
1209
1424
1471
1546
1646
1746
1783
1812
1832
1894
1918
1967
1967
97
615
1190
1304
1580
1870
1968
1968
23
95
129
175
191
192
198
289
494
570
1034
1041
1290
1644
1644
185
188
255
335
381
823
1145
1286
1400
1436
1555
1576
1577
1630
1752
1809
1983
1983
34
58
140
216
281
325
386
440
480
553
1036
1111
1264
1344
1399
1414
1465
1850
1880
1880
5
74
139
249
275
382
399
806
854
878
1062
1087
1271
1313
1346
1395
1615
1670
1781
1854
1904
1904
69
632
862
1503
1858
1858
648
898
898
165
463
463
1130
1232
1232
1130
1422
1422
1459
1459
165
776
776
648
73
178
254
297
397
469
676
1048
1081
1216
1323
1330
1565
1917
1917
253
379
500
557
639
738
779
857
1011
1017
1043
1116
1184
1365
1525
1525
290
589
1343
1689
1689
90
448
605
804
911
1444
1676
1676
1727
1727
1030
1045
1085
1246
1636
1636
1404
1586
1586
278
794
874
1434
1480
1480
1437
1437
1434
874
794
278
1462
1462
858
1091
1091
137
1567
1567
479
479
137
858
1404
1246
1085
1045
1030
1444
911
804
605
1667
1667
448
196
948
1398
1996
1996
855
1559
1716
1716
1559
855
89
89
1398
948
196
90
1343
589
290
1365
1184
1116
1043
1017
1011
857
779
738
639
557
500
379
253
1565
245
245
988
1387
1387
988
1330
1323
1216
1081
1048
676
469
397
297
254
178
73
1503
862
632
69
1854
1781
1670
1615
1395
1346
1313
1271
1087
1062
878
854
806
399
382
275
249
139
74
5
1850
1465
1414
1399
1344
1264
1111
1036
553
480
440
386
325
281
216
140
58
34
1809
1752
1630
1577
1576
1555
1436
1400
1286
1145
823
381
335
255
188
185
1290
1041
1034
570
494
289
198
192
191
175
129
95
23
1870
1580
1304
1190
615
97
1918
1894
1832
1812
1783
1746
1646
1546
1471
1424
1209
1156
1122
1074
884
827
824
819
818
795
646
351
257
189
157
153
186
218
883
1133
1133
883
218
439
439
186
1935
1935
