3
418
572
839
945
1122
1147
1178
1622
1821
1863
2014
2114
2890
3281
3388
3544
3969
4260
4491
5171
5206
5279
5349
5388
5630
5712
5860
6332
6500
6942
7224
7395
7514
7556
7556
161
2231
2546
4399
4982
5427
5871
7260
7260
3661
4305
4792
5567
5970
6950
7364
7600
7600
267
469
766
966
1917
3655
5082
7853
7910
7910
7853
726
2128
2138
2150
2229
2757
5263
7133
7167
7167
443
2900
3815
3971
4877
5679
6191
7355
7355
6191
1693
2872
3995
5490
5908
7143
7626
7626
115
765
872
1306
1506
2817
3051
3208
3484
5557
6128
6190
6471
7239
7719
7765
7765
408
1411
2617
3801
5307
5579
6568
7003
7003
6568
5579
5307
3801
2617
1411
408
7719
48
366
1489
1696
3526
3768
4931
5200
5428
5619
5764
6324
7240
7240
361
1055
1728
3900
4911
6315
7335
7428
7428
662
1080
1888
2443
3080
3413
3807
3837
4625
4892
5439
5648
5680
5874
5947
6804
6902
6923
6923
696
1241
1564
2387
2623
2977
4074
4294
5731
6018
7416
7904
7904
494
1268
1856
2179
2532
3631
4241
4662
4974
5331
5532
6278
6855
7151
7151
4
177
570
2888
3301
4262
5416
5681
5887
6875
7484
7952
7952
1150
1886
2457
3717
3737
4550
4619
5004
5277
7423
7518
7647
7647
464
623
760
1174
2674
3229
5902
6277
6293
6300
6369
6449
7091
7692
7692
307
754
963
2583
6005
6921
6921
930
1181
1841
2250
3871
5401
6959
7539
7539
6959
5401
2224
2224
3871
2250
1841
1181
930
6005
2583
805
2800
5038
5296
5542
5542
120
169
2378
2846
3328
4802
4802
3328
2846
2378
169
216
1057
1615
1969
2615
3210
4259
5094
6217
6593
6970
6970
957
1419
2024
2605
3242
3688
4188
5346
6402
6638
7932
7940
7940
7932
6638
70
1517
4880
5191
5500
5736
5935
6186
6492
6712
6788
7307
7307
74
5838
7440
7440
1606
3797
4559
7410
7969
7969
7410
4559
3797
1606
2345
4923
5839
7108
7108
5839
4923
2345
5838
74
6788
6712
6492
6186
5935
5736
5500
5191
4880
1517
70
6402
5346
4188
3688
3242
2605
940
1180
1938
2607
3379
3875
3948
4185
4198
4401
4435
4852
5377
6399
6836
7705
7875
7875
7705
1226
1440
1995
3898
5661
6036
6079
7254
7254
6079
6036
5661
2146
3549
5404
6689
6689
5404
3549
2146
3898
1995
1440
1226
6836
6399
5377
4852
4435
4401
4198
4185
3948
3875
3379
2607
1938
1180
940
2024
1419
500
500
957
6593
6217
5094
4259
3210
2615
1969
1615
1057
216
120
5296
240
2331
2573
2683
3442
3474
4682
5253
5997
6372
6721
6992
7225
7225
1251
2092
2139
4739
5531
5777
6035
6093
6364
7718
7718
6364
571
1639
2473
2726
3425
4629
7002
7342
7629
7689
7820
7820
7689
7629
63
1438
2094
2550
2887
3681
4436
7448
7603
7856
7963
7963
7856
1884
2394
3045
3694
3939
4202
5652
5728
5961
6294
6508
7415
7741
7741
1148
1760
1891
2278
2475
2645
2716
3184
3374
3502
3945
6584
7615
7726
7726
871
1785
1931
1945
4277
4437
5592
5693
6231
6432
7312
7597
7597
7312
1663
3918
3918
1663
6432
6231
348
1464
1773
1996
2323
2838
3010
3909
3931
4390
6138
7176
7176
683
1424
2040
2410
2724
2744
2802
2950
5221
5595
6304
6668
6669
6890
7744
7744
297
306
509
3075
4324
4423
5353
6030
7466
7598
7598
7466
2628
4772
4772
2628
6030
5353
1699
6925
6925
1699
4423
4324
354
527
886
909
2360
2452
2893
3324
3433
4106
4287
5566
7180
7842
7964
7964
1403
2604
3536
5993
5993
3536
2604
1403
7842
7180
5566
4287
4106
3433
3324
2893
2452
2360
909
886
527
354
3075
509
306
297
6890
6669
6668
6304
5595
5221
2950
2802
2744
2724
2410
2040
2762
2762
1424
683
6138
4390
3931
3909
3917
3917
3010
2838
2323
1996
1773
1464
348
5693
5592
4437
4277
1945
1931
1785
871
7615
3537
3756
3921
7824
7824
3921
3756
3537
6584
3945
3502
3374
3184
2716
2645
2475
2278
1891
1760
1148
7415
6508
6294
5961
5728
5652
4202
3939
3694
3045
2394
924
924
1884
7603
7448
4436
3681
2887
2550
2094
1438
63
7342
7002
4629
3425
2726
5778
5778
2473
1639
571
6093
7203
7203
6035
5777
5531
4739
2139
2092
2073
4706
6497
6497
4706
2073
1251
6992
6721
815
1861
3398
4356
5399
6419
7506
7534
7569
7905
7905
7569
7534
7506
6419
5399
4356
3398
1861
815
6372
5997
5253
4682
3474
3442
2683
2573
2331
240
5038
2800
805
963
754
307
7091
6449
6369
6300
6293
6277
5902
3229
2674
1174
760
623
464
7518
7423
882
882
5277
5004
4619
4550
3737
3717
2457
1886
1150
7484
1050
2494
2494
1050
6875
5887
2241
4793
5449
5819
5856
6560
6560
5856
5819
5449
4793
942
1704
2515
4519
5164
6599
7077
7106
7687
7892
7976
7976
7892
2140
6203
6203
2140
2694
3752
3752
2694
7687
562
1053
2987
3144
4617
4617
928
1956
1971
3736
4385
5749
5789
6126
6386
6596
7329
7372
7475
7642
7642
60
838
1618
5488
5488
684
844
1462
2084
3099
3124
3148
3157
3668
4938
4938
3668
769
1024
2068
3860
4201
4224
5110
6448
7299
7919
7919
7299
6448
631
1834
2703
3250
6954
7698
7698
585
585
6954
3250
2703
1834
5766
5766
631
5110
4224
4201
3860
2068
1024
769
3157
1114
1628
5747
5747
1628
1114
3148
3124
3099
2084
1462
844
684
1618
838
60
7475
7372
7329
6596
6386
6126
5789
5749
4385
3736
1971
1956
928
3144
2987
1053
562
7106
7077
6599
5164
4519
2515
1704
942
2241
5681
5416
4262
3301
2888
570
177
4
6855
6278
5532
5331
4974
4662
4241
3631
2532
2179
1856
1268
494
7416
6018
5731
4294
4074
2977
2623
2387
1564
1241
696
6902
6804
4439
4439
5947
5874
5680
5648
5439
4892
4625
3837
3807
4826
7027
7027
4826
3413
3080
2443
1888
1080
662
7335
6315
4911
3900
1728
1055
361
6324
5764
5619
5428
5200
2776
2776
4931
3768
3526
1696
1489
366
48
7239
6471
6190
6128
5557
3484
3208
880
2351
2676
4219
4726
7608
7608
1655
2500
3634
4371
4905
5486
5895
6109
6857
7930
7930
433
448
1474
1519
1820
3386
3710
4406
6000
6000
4406
3710
3386
955
1873
2534
4053
4200
5130
6140
6170
6272
6272
632
873
1313
1586
2327
3134
3648
3978
4212
4865
5106
6205
6344
7313
7313
305
1416
1864
1887
2571
2662
2816
6351
6980
7096
7096
791
3049
3145
4874
5081
5115
6023
6261
7878
7878
20
996
1007
2805
4738
5424
5585
6295
6539
6859
7071
7071
1263
1525
1691
1771
1973
2432
5041
5518
6467
6467
351
708
964
1551
1993
3253
4326
4352
5180
5181
5283
7669
7993
7993
893
1510
1951
2203
2663
3030
4481
5516
5618
5730
5896
6019
6333
6768
7171
7649
7675
7971
7971
590
891
969
1322
1442
2476
2644
2880
3205
3832
4064
5303
6774
7499
7822
7822
205
626
4152
4885
5195
6185
6185
124
165
935
2009
2585
2610
2626
2915
3234
4088
4845
5092
5515
5602
5659
5716
5872
6613
6807
7902
7902
1402
1652
2163
2783
3615
3964
4341
4548
5581
6163
7412
7941
7941
128
130
785
1075
1197
1720
2447
2883
3060
5134
5302
5538
6157
7123
7651
7808
7808
7651
1044
2991
3541
3742
5078
5383
5669
5684
6366
6644
7271
7271
55
73
925
991
4040
5273
5761
5969
6803
6844
6868
7019
7054
7177
7177
594
2184
2277
2280
2730
2909
3225
3692
3731
4206
4586
4631
5172
5494
7132
7370
7411
7439
7439
11
625
1016
1488
1746
2907
3052
6336
6336
1414
1994
2099
3039
6563
7227
7325
7325
493
743
1427
1550
1766
2566
3345
4113
5744
5751
6033
6405
6734
6994
7242
7679
7679
170
1907
2678
3331
4896
5243
7102
7102
268
449
621
1116
2338
3037
5019
5558
5615
6525
6824
6901
7079
7212
7212
789
1003
1146
2287
3266
3591
4807
5072
5800
6310
6631
6989
7722
7825
7825
317
1202
1308
1399
2430
3514
4440
4797
5824
6022
6252
7728
7728
968
2083
2142
3697
5189
5292
5292
672
1017
1112
3635
3908
4777
6397
6414
6550
7680
7837
7837
1962
2186
2721
4014
4282
4523
5160
6002
6545
7877
7877
392
422
1143
1855
1906
2116
2361
2579
3754
3788
4658
5046
5355
6588
7255
7255
1029
1186
2924
4767
5826
5837
6574
7104
7399
7399
515
1243
1413
2392
3350
3937
4362
4368
4427
5965
6606
6843
6843
1246
1252
2016
2160
2386
3270
4120
5264
5308
5835
6298
6949
7558
7558
173
598
979
1109
1124
1294
1422
1558
1603
1713
2270
2491
3581
4841
5085
5222
5729
6073
6612
6612
6073
329
1631
3954
4351
4351
117
1637
1929
2548
4818
5855
6687
7020
7390
7398
7398
7390
7020
6687
5855
4818
45
77
2198
2638
3372
3625
3647
3676
5472
6299
6719
6719
6299
5472
3676
1034
3419
4810
6435
6435
4810
3419
174
755
849
1332
2274
2316
6086
6152
7504
7583
7583
7504
6152
6086
2316
2274
1332
849
755
174
1018
1321
4866
5629
6089
6089
5629
4866
1321
1018
1522
1522
1034
3647
3625
3372
2638
2198
77
45
2548
1929
1637
117
3954
1631
329
5729
5222
5085
4841
3581
5097
5097
2491
2270
1713
1603
1558
1422
1294
1124
1109
979
598
173
6949
2238
7153
7153
175
802
852
1492
2484
2648
3531
3595
4071
4922
4944
5409
5636
5960
6710
6938
6940
7788
7788
52
347
520
1009
3117
3275
3494
5379
7459
7490
7490
3228
4754
5234
5234
237
807
1577
2830
2962
3378
4364
6675
7008
7008
4248
4248
6675
2339
5536
5536
1358
2233
3564
3733
4758
7596
7596
4758
247
2859
6903
7114
7961
7961
7114
6903
2528
3303
7406
7660
7660
7406
3303
69
1686
1961
3089
4189
6674
6769
6769
6674
4189
3089
1961
1686
69
2528
2859
4045
4045
247
3733
3564
2233
1358
2339
4364
3378
2962
2830
1577
807
237
4754
3228
7459
5379
3494
3275
3117
1009
520
347
52
6940
6938
6710
5960
5636
5409
4944
4922
4071
3595
3531
2648
2484
1492
852
802
175
2238
6298
5835
5308
5264
4120
3270
2386
2160
2016
1252
1246
6606
5965
4427
4368
4362
3937
3350
2392
1413
1243
515
7104
6574
5837
5826
4767
2924
1186
1029
6588
5355
5046
4658
3788
3754
2579
2361
25
1530
1636
3153
6283
7181
7223
7223
7181
6283
3153
1636
1530
25
2116
1906
1855
1143
422
392
6545
6002
5160
4523
4282
4014
2721
2186
1962
7680
6550
6414
6397
4777
3908
3635
1112
1017
672
5189
3697
2142
2083
968
6252
6022
5824
4797
4440
3514
2430
1399
1308
1202
317
7722
4729
7732
7732
4729
6989
6631
6310
5800
5072
778
1593
2717
3417
6485
6485
3417
195
1319
1337
2687
2951
4830
5076
5179
5299
5473
6215
6242
7936
7936
6242
1412
2917
4424
5643
5665
5688
6611
6671
6739
6739
171
480
653
2462
2525
3046
3439
3765
4217
4814
5188
5188
3538
3932
7515
7541
7865
7865
1596
4939
7262
7262
4939
1596
7541
7515
3932
3538
4814
1604
1604
109
2276
2572
3867
3942
4882
5089
5238
7431
7536
7746
7753
7753
7746
7536
7431
5238
5089
4882
3942
3867
2572
1129
1333
4952
5923
5923
4952
1333
1129
2276
109
4217
3765
3439
3046
2525
2462
653
2748
5324
6236
6236
5324
2748
480
171
6671
6611
5688
5665
5643
4424
2917
1412
6215
5473
5299
5179
5076
4830
2951
2687
1337
1319
195
2717
1593
778
4807
3591
3266
2287
1146
1003
789
7079
6901
6824
6525
5615
5558
5019
3037
2338
1116
621
449
268
5243
4896
3331
2678
1907
170
7242
6994
6734
6405
6033
5751
5744
4113
3345
2566
1766
1550
1427
743
493
7227
6563
3039
2099
1994
1414
3052
2907
1746
1488
1016
625
11
7411
7370
5241
5241
7132
5494
5172
4631
4586
4206
3731
3692
3225
2909
2730
2280
2277
2184
594
7054
7019
6868
6844
6803
5969
5761
5273
4040
991
925
73
55
6644
3782
3782
2720
2743
3333
3461
4125
4558
4639
5392
6081
6519
6522
6924
7690
7690
6924
6522
6519
6081
5392
4639
4558
4125
3461
3333
2743
2194
3008
3492
3920
5809
5905
7988
7988
5905
586
819
2004
2167
3226
4889
5448
5452
5508
5508
104
376
634
728
2213
2335
2364
2584
2685
3477
3944
4384
6189
6482
7256
7739
7862
7894
7894
1627
1857
1975
2541
2827
3384
5319
7897
7897
689
972
1790
3238
3255
3728
4041
4306
5519
5784
6919
7068
7068
300
1067
1256
2006
3289
3290
3840
3957
4047
4243
4949
5009
5471
5591
7567
7567
531
992
1366
3421
5185
5231
5559
5658
5796
6641
6641
111
385
388
1759
2037
2427
2470
2531
3475
3596
3986
6459
7163
7517
7620
7620
168
222
1195
5934
6006
6738
7691
7724
7724
325
938
1740
2956
3888
3911
4020
4666
4815
6971
7017
7263
7263
202
548
674
827
1011
1870
2183
2927
4254
5159
5664
6263
6312
6659
6759
7757
7757
853
1249
1608
2498
3172
3601
4723
6587
7821
7821
116
371
733
4719
4719
87
279
1786
2848
5453
5884
6177
6198
6427
6614
6614
1937
2567
2999
6592
7682
7868
7868
1974
2192
4510
7401
7599
7758
7758
7599
226
716
1264
2031
4000
4506
5015
5102
5177
7005
7384
7943
7943
208
1500
2616
2719
4534
5478
6113
7967
7967
1829
1893
2303
2555
6403
6537
6537
1484
1562
2698
4762
5582
6221
6245
6250
6465
7048
7048
6465
6250
6245
6221
5582
4762
2698
1562
1484
6403
198
3565
3565
198
2555
1079
2156
4288
6169
6169
4288
2156
1079
2303
1893
1829
6113
5478
4534
810
810
2719
2616
1500
208
7384
7005
5177
5102
5015
4506
6790
6790
4000
2031
1264
716
226
7401
4510
3579
7561
7561
3579
2192
1974
7682
6592
2999
2567
1937
6427
6198
6177
5884
5453
2848
1786
279
87
733
371
116
6587
33
773
6615
6615
857
2105
2111
2408
3029
3825
4545
4996
5620
6201
7441
7445
7553
7553
1668
3671
3671
2249
4690
5560
5560
4690
2249
1668
7445
7441
4553
4553
164
4062
4446
5217
6303
7345
7345
6303
5217
4446
4062
164
6201
5620
4996
4545
3825
3029
2408
2111
2105
857
773
33
4723
3601
3172
2498
1608
1249
853
6759
6659
6312
6263
5664
5159
4254
2927
2183
1870
1011
827
674
548
202
7017
6971
4815
4666
4020
3911
3888
2956
1740
938
325
7691
6738
5885
5885
6006
5934
4580
6929
6929
4580
1195
222
168
7517
7163
6459
3986
3596
3475
2531
2470
2427
2037
1759
388
385
111
5796
5658
5559
5231
5185
3421
1366
992
531
5591
5471
5009
4949
4243
4047
3957
3840
3290
3289
2006
1256
1067
300
6919
5045
5045
5784
5519
4306
4041
3728
3255
3238
1790
972
689
5319
3384
2827
2541
1975
1857
1627
7862
7272
7272
7739
7256
6482
6189
4384
3944
3477
2685
2584
2364
2335
2213
728
634
376
104
5452
5448
4889
3226
2167
2004
819
586
5809
3920
3492
3008
2194
2720
6366
5684
5669
5383
5078
3742
3541
2991
1044
7123
6157
5538
5302
5134
3060
2883
2447
1720
1197
1075
785
130
128
7412
6163
5581
4548
4341
3964
3615
2783
2163
1652
1402
6807
6613
5872
5716
5659
5602
5515
5092
4845
4088
3234
2915
2626
2610
2585
2009
935
7276
7276
165
124
5195
5366
5844
5844
5366
4885
4152
626
205
7499
6774
339
1126
2861
3691
4328
4733
4733
4328
954
1048
1103
1371
2193
2597
2772
3755
4060
4893
7199
7503
7503
7013
7013
2666
2981
4028
4056
4056
3912
3919
7838
7838
3919
3912
4028
2981
2666
7199
4893
4060
3557
3557
3755
2772
2597
2193
1371
1103
1048
954
3691
2861
1126
339
5303
4064
3832
3205
2880
2644
2476
1442
1322
969
891
590
7675
7649
7171
6768
6333
6019
5896
5730
5618
5516
4481
3030
2663
2203
1951
1510
893
7669
5283
5181
5180
4352
4326
3253
1993
1551
964
708
351
5518
5041
2432
1973
1771
1691
1525
1263
6859
6539
6295
5585
5424
4738
2805
1007
996
20
6261
6023
5115
5081
4874
3145
3049
791
6980
6351
2816
2662
2571
1887
1864
1416
305
6344
6205
5106
4865
4212
3978
3648
3134
2327
1586
1313
873
632
6170
6140
5130
4200
4053
2534
1873
955
7438
7438
1820
1519
1474
448
433
6857
6109
5895
5486
4905
4371
3634
2500
1655
4726
4219
2676
2351
880
3051
2817
1506
1306
872
765
115
7143
5908
5490
3995
2872
1693
5679
4877
3971
3815
2900
443
7133
5263
2757
2229
2150
2138
2128
726
5082
3655
1917
966
766
469
267
7364
6950
5970
5567
4792
4305
3661
5871
5427
4982
4399
2546
2231
161
7514
7395
7224
6942
6500
6332
5860
5712
5630
5388
5349
5279
5206
5171
4491
4260
3969
3544
3388
3281
2890
2114
2014
1863
1821
1622
1178
1147
1122
945
839
572
418
6275
7388
7388
6275
6822
6822
6054
6054
6799
6799
1185
4997
4997
1185
6228
6494
6494
6228
3031
5242
5242
3031
2601
5010
6061
6061
5010
2601
682
682
1827
6743
6743
1145
1145
1827
4749
4749
6176
6176
3121
3121
1012
1012
5491
5491
4600
4600
6776
6776
1744
6193
6193
1744
3993
3993
5635
5635
4844
4844
