1
126
292
343
444
456
517
561
590
591
672
934
981
1008
1092
1260
1315
1375
1413
1435
1445
1711
1790
1848
1888
1989
1989
1082
1196
1856
1856
44
155
228
244
256
277
350
468
471
651
685
693
698
714
731
875
887
974
977
989
1123
1149
1185
1248
1447
1490
1515
1521
1592
1757
1793
1821
1825
1973
1973
8
50
54
109
116
202
227
385
422
654
870
928
1053
1230
1473
1508
1536
1554
1762
1779
1898
1926
1926
14
236
241
349
917
941
1084
1274
1362
1614
1681
1770
1801
1879
1879
117
220
424
564
812
879
1199
1533
1533
270
411
895
968
1181
1276
1386
1386
625
889
889
224
372
1213
1302
1795
1795
284
1560
1560
284
1302
1213
1288
1456
1519
1519
1456
346
1750
1750
1744
1956
1956
433
532
743
744
1001
1060
1060
21
356
551
805
1758
1866
1950
1950
425
425
1866
767
1132
1132
767
1758
805
551
356
21
1001
262
262
744
743
532
433
1744
346
1288
372
224
625
1276
1181
968
147
328
546
1373
1373
82
118
404
745
790
865
1020
1086
1639
1887
1887
533
1103
1115
1412
1470
1892
1954
1954
1582
1582
1892
1470
509
573
955
986
1079
1301
1451
1672
1735
1735
13
465
576
586
774
797
916
922
982
1457
1852
1852
60
251
310
387
409
700
753
814
828
915
985
1056
1094
1146
1208
1361
1430
1466
1601
1628
1701
1722
1841
1913
1919
1919
38
42
86
123
143
203
283
354
498
518
569
585
618
918
949
958
1047
1049
1104
1180
1257
1341
1506
1656
1659
1743
1843
1884
1914
1941
1941
98
124
171
295
308
334
338
427
428
460
499
537
582
704
834
876
966
1120
1150
1174
1226
1296
1326
1333
1476
1564
1662
1718
1901
1911
1952
1988
1988
104
706
706
852
852
104
142
825
842
950
1207
1491
1929
1929
268
357
987
993
1006
1188
1547
1599
1740
1740
223
246
452
476
565
882
930
971
1010
1269
1278
1309
1348
1482
1704
1910
1910
125
434
663
663
18
829
1831
1907
1907
1831
829
18
1055
1065
1172
1242
1403
1767
1767
1403
1242
1172
1065
1055
413
908
908
413
434
125
1704
1482
1348
1309
337
1709
1922
1922
230
450
872
1129
1224
1425
1833
1970
1978
1978
339
1193
1481
1773
1773
9
405
634
709
1291
1380
1415
1629
1694
1840
1840
45
629
1263
1683
1683
562
628
860
1492
1728
1728
1312
1454
1961
1961
602
784
1331
1816
1975
1975
1816
1537
1537
524
785
785
524
1331
784
602
1454
1312
1492
1303
1303
860
628
562
1263
629
45
1694
1629
1415
1380
1291
709
634
405
9
1481
1193
339
1970
1833
1425
1224
1129
304
1186
1186
304
872
450
230
1709
337
1278
1269
1010
971
930
882
565
476
452
246
223
1599
1547
1188
1006
993
987
357
268
1491
1207
950
842
825
142
1952
1911
1901
1718
1662
1564
1476
1333
1326
1296
1226
1174
1150
1120
966
876
834
704
582
537
499
460
428
427
338
334
308
295
171
124
98
1914
1884
1843
1743
1659
1656
1506
1341
1257
1180
1104
1049
1047
958
949
918
618
585
569
518
498
354
283
203
143
123
86
42
38
1913
1841
1722
1701
1628
1601
1466
1430
1361
1208
1146
1094
1056
985
915
828
814
753
700
409
387
310
251
60
1457
982
922
916
797
774
586
576
465
13
1672
1451
1301
1079
986
955
573
509
1412
1115
1103
533
1639
1086
1020
865
790
745
404
118
82
546
328
147
895
411
270
1199
879
812
564
424
220
117
1801
1770
1681
1614
1362
1274
1084
941
917
349
241
236
14
1898
1779
1762
1554
1536
1508
1473
1230
1053
928
870
654
422
385
227
202
116
109
54
50
8
1825
1821
1793
1757
1592
1521
1515
1490
1447
1248
1185
1149
1123
989
977
974
887
875
731
714
698
693
685
651
471
468
350
277
256
244
228
155
44
1196
1082
1888
1848
1790
1711
312
457
1342
1927
1927
219
600
1083
1292
1292
1083
600
169
169
219
1342
457
312
1445
1435
1413
1375
1315
1260
1092
1008
981
934
672
591
590
561
517
456
444
343
292
126
1277
1277
810
1939
1939
394
394
579
579
810
995
1002
1002
995
