1
102
155
423
454
663
699
826
1031
1138
1265
1560
1588
1665
1885
2222
2294
2538
2553
2752
2878
2886
2910
3487
3721
3824
3841
4197
4258
4544
4661
4744
5352
6255
6437
6473
7050
7190
7387
7562
7713
7713
22
142
1043
1459
2618
2620
2807
4886
6122
6171
6424
6521
6892
7135
7361
7640
7703
7725
7738
7779
7779
88
232
320
837
1065
1645
2029
2201
2230
3178
3259
3577
3890
4455
4524
4528
4711
5003
5334
5553
5571
5639
5910
5979
6075
6618
7150
7175
7801
7801
51
292
411
558
638
652
720
737
1641
1726
2568
3370
3598
4656
5139
5626
5779
5833
6010
6204
6253
6693
6801
7127
7213
7319
7661
7661
865
868
2188
2371
3042
3299
3460
3887
3896
4057
4643
4775
5407
5549
6214
6700
6700
2653
3555
3926
4121
4972
4972
528
559
770
1262
1683
2507
3798
3990
5435
5836
6147
6313
6468
6468
6313
53
729
3317
3974
7762
7762
3960
7380
7380
3960
5645
5645
3974
3317
729
53
6147
5836
5435
3990
3798
2507
1683
1262
770
559
528
4121
3926
3593
3593
3555
2653
6214
5549
5407
4775
4643
4057
3896
3887
3460
3299
3042
2371
2188
868
865
7319
7213
1911
2155
4959
4959
2064
2340
5485
6099
7403
7403
99
148
994
1934
4030
4900
5501
5655
5732
6552
6963
7700
7700
1225
3618
7525
7782
7782
7525
3618
47
539
1420
1646
1729
1818
1823
1876
2049
2412
2731
2756
2801
5031
5976
6012
6027
6516
7060
7259
7872
7872
112
458
685
892
1066
1701
1913
3251
3773
4895
5068
5107
5737
6503
6540
7470
7470
352
364
426
1154
1160
2218
2314
2403
2526
3002
3005
3016
3392
3509
3800
4035
4715
4789
5546
5878
5998
6097
6120
6920
7186
7530
7530
230
338
848
961
2209
7702
7702
1632
2061
3558
4065
4463
6728
6809
7408
7408
294
1567
3899
3930
4681
4704
4734
5879
6951
6951
396
975
1182
1284
1798
2811
3810
3820
3953
4975
5197
5663
5901
6199
6199
362
970
2058
2308
2652
2661
5792
5820
6643
6643
303
332
597
904
1137
1179
1725
1839
1849
1902
1958
1968
2056
2582
2682
4119
4232
5063
5146
5495
5653
5694
7004
7354
7354
1152
3811
4033
4947
5548
6496
6518
6557
7209
7209
628
1457
2482
2675
2787
2916
3746
4527
5140
5422
6918
6918
1025
1072
1400
4761
7510
7711
7912
7912
154
864
1133
1369
1565
1657
1755
1860
1933
2178
3101
3443
3789
4244
4501
4613
5054
5147
5492
5830
6316
6682
6789
7025
7025
83
453
656
1315
3787
4195
4834
5614
5614
144
149
491
589
1189
1505
1509
1764
1796
2093
2199
2296
2998
3163
3889
4130
4192
4223
4665
4756
5169
6455
6933
7137
7228
7394
7462
7855
7921
7921
30
191
437
762
1532
1682
2329
2792
3061
3364
3420
4068
4150
4910
6358
6715
6941
7136
7775
7968
7968
1203
1350
1894
2563
3513
3796
3808
3891
4017
5461
5462
5740
6319
6983
7204
7281
7474
7481
7500
7500
68
257
556
602
664
884
895
1336
1536
1674
1676
2259
2905
3038
3633
3819
4609
4633
4990
5864
5942
6393
7192
7192
2353
2411
3604
4554
4554
713
828
1020
1910
4648
4890
7100
7100
2081
2251
3393
4034
4612
4786
4813
6084
6794
7336
7637
7674
7881
7881
7674
7637
415
648
1221
1486
1889
2087
3447
3690
3831
5047
6589
7191
7191
192
876
1582
3236
3879
5062
5262
5464
5738
6543
6672
7220
7854
7901
7901
75
190
380
1481
4052
5627
5627
1351
2118
2441
3143
3405
3467
3653
3845
4080
5386
5685
5685
346
978
1070
1165
1193
1795
1984
2301
2949
3063
3245
3276
3325
3485
3806
3916
4393
4641
4694
5007
5127
5143
5417
5456
5565
5605
5753
5899
6461
6530
6583
7138
7226
7226
204
1303
1376
2062
2151
3072
3136
4354
4778
4921
7928
7928
244
389
611
1027
1162
1305
1512
2038
2522
2650
3092
3243
3771
3882
4425
4569
4618
4907
5259
6076
6287
6484
7924
7924
1852
2746
2820
3182
4238
4460
4498
5136
5192
5556
5926
6104
6116
6124
6849
6860
7090
7131
7131
54
224
345
496
530
803
1365
1648
3400
3400
1648
2
554
1360
2110
2704
2967
3233
3700
3804
3868
3913
4218
4798
4960
6180
6907
7035
7407
7575
7575
407
1853
2381
3353
3606
6642
6946
6946
2521
4653
7422
7798
7798
7422
4653
2521
6642
6343
6343
3426
7344
7793
7793
7344
3426
3606
3353
2381
1853
407
7407
7035
6907
6180
4960
4798
4218
3913
3868
3804
3700
3233
2967
2704
2110
1360
554
2
1365
803
530
496
345
224
54
7090
6860
6849
6124
6116
6104
5926
5556
5192
5136
4498
4460
4238
3182
2820
2746
1852
6484
6287
6076
5259
1056
1545
3313
4107
5294
5294
283
5840
5840
283
4107
4951
4951
4143
4674
4674
4143
3313
1545
1056
4907
4618
4569
4425
3882
3771
3243
3092
2650
2522
2038
1512
1305
1162
1027
611
389
244
4921
4778
4354
3136
3072
2151
2062
1376
1303
204
7138
6583
7639
7639
6530
6461
5899
5753
5605
5565
5456
5417
5143
5127
5007
4694
4641
4393
3916
3806
3485
3325
3276
3245
3063
2949
2301
1984
1795
1193
1165
1070
978
346
5386
4080
3845
3653
3467
3405
3143
2441
2118
1351
4052
1481
380
190
75
7854
7220
6672
6543
5738
5464
5262
5062
3879
3236
1582
876
192
6589
5047
3831
3690
3447
2087
1889
1486
1221
648
415
7336
235
235
6794
6084
4813
6585
6585
4786
4612
4034
3393
2251
2081
4890
4648
1910
1020
828
713
3604
2411
2353
6393
5942
5864
2810
3493
7147
7147
2326
3188
3449
4261
4493
6513
6513
522
671
846
1166
1797
2113
2223
2289
4225
4505
4812
6004
7729
7729
256
322
442
840
2195
2640
2833
3166
3282
4134
4388
4894
5746
5802
6211
6239
6361
7759
7759
358
482
483
566
661
724
896
1074
1392
1559
2358
2580
2799
2856
3489
3528
3641
3762
4208
4312
4405
4557
5894
5898
6072
6625
7184
7717
7717
543
1222
1808
2288
2431
2481
4102
4461
4919
5289
5573
5609
5733
5817
6014
6291
6866
7946
7946
242
1307
1877
2870
3395
3441
3501
3583
4365
5932
6509
6707
6893
7101
7777
7777
127
318
534
1736
2027
2911
3071
3476
3508
3677
4059
4256
4683
4691
4847
5050
6149
6281
7121
7287
7929
7929
768
875
3102
3654
4595
4770
4821
4920
6238
7018
7156
7288
7288
310
2108
2202
2290
2562
3380
3650
3766
3866
4626
4684
5754
6102
6862
7214
7376
7829
7829
3505
3791
7118
7118
308
937
1001
1782
1792
2011
2767
2806
2939
3818
5049
6182
6265
6717
7381
7433
7433
188
353
744
1229
1272
1353
1630
1959
2442
3146
3429
3507
3657
4742
4906
5013
5156
5271
5311
5711
6538
7326
7720
7989
7989
378
1475
1482
2641
2794
2834
3488
5012
7291
7519
7672
7672
1498
1574
2022
2898
2990
3278
3402
3406
3698
3699
3747
4044
4308
4490
4837
5118
5881
6505
7058
7483
7911
7911
1223
1407
1775
1946
3123
3139
3640
5421
5803
6410
6914
7346
7353
7353
859
1879
2212
2409
2516
3365
3468
4055
4289
4592
4979
5431
5656
5991
6660
7559
7559
1192
3903
3967
4127
4899
5758
6575
7590
7590
64
185
1033
1757
2321
2415
3076
4166
4445
4537
5978
6327
6418
6477
6579
6730
7080
7789
7938
7938
412
2123
2657
6732
6732
147
163
193
326
335
714
1004
1485
1673
1758
2355
2377
2589
2747
3575
3874
4129
4286
4509
4655
4689
4857
4859
5260
5604
6457
6510
6676
6723
6812
6835
7922
7922
1280
2923
3189
3305
4118
5196
5306
5493
5634
5845
5870
6284
6636
6792
6863
7244
7419
7772
7772
373
410
445
581
917
1480
1580
1947
2098
2100
2459
2464
3404
3723
4268
5093
5114
5481
5599
5613
5780
5973
6114
6280
6371
6376
7141
7141
395
842
1748
2398
3079
3231
3946
4296
4485
6906
7073
7581
7581
447
922
3094
3135
3959
3977
4347
7509
7760
7771
7771
397
1094
1581
1848
3613
4135
4755
4926
4950
5921
5925
5946
5986
6458
7078
7501
7501
920
1901
2953
3391
4731
4846
5622
5703
6334
6891
6926
7010
7677
7677
7010
315
2737
2738
2844
2935
3743
4101
4140
4514
6034
6685
6685
1198
1826
2842
3015
3490
4644
5056
5373
5950
6206
6679
6746
7185
7185
6746
6679
612
1357
1386
1625
7451
7451
588
866
879
5575
6056
6154
6878
6915
7277
7358
7521
7521
6626
6626
7358
7277
6915
6878
6154
6056
5575
879
866
588
1625
1386
1357
612
6206
5950
5373
5056
4644
3490
3015
2842
1826
1198
6034
4514
4140
4101
3743
2935
2844
2738
2737
315
6926
6891
6334
5703
5622
4846
4731
3391
2953
1901
920
7078
6458
5986
5946
5925
5921
797
1589
5154
7794
7794
669
1297
1364
3430
4378
5718
6452
7089
7653
7653
552
796
888
2875
3093
4098
4878
5117
5272
5375
6546
6814
6969
7688
7688
288
472
551
1331
1428
2884
3022
3401
3651
3901
4097
4443
4453
4607
4801
5044
5444
5576
5823
5913
6698
6698
639
3358
3358
932
2560
3187
3263
3454
3456
3578
4407
4649
4675
4936
5025
5057
7706
7863
7954
7954
1539
1620
1708
1754
2809
2947
3288
3794
3848
4867
4867
17
157
462
881
1687
2242
2455
3249
3745
3750
3857
4417
5255
6346
7117
7486
7571
7915
7972
7972
706
767
847
1346
1724
2161
2673
3107
3751
3783
4242
5011
5144
5587
6694
6837
7351
7502
7764
7942
7942
6781
6781
7764
5911
6237
6237
1595
2774
4716
6817
6817
93
93
4716
2774
1595
5911
7502
1954
4825
4825
1010
2225
4333
4823
7303
7303
4823
4333
2225
1010
2479
2479
1954
7351
6837
6694
5587
5144
5011
4242
3783
3342
5219
5219
3342
3751
3107
2673
2161
1724
1346
847
767
706
7915
7571
7486
7117
6346
5255
4417
3857
3750
3745
3249
2455
2242
1687
881
462
157
17
3848
3794
3288
2947
2809
1754
1708
1620
1539
7863
7706
5057
5025
4936
4675
4649
4407
3578
3456
3454
7215
7215
3263
3187
2560
932
639
5913
5823
5576
5444
5044
4801
4607
4453
7055
7055
4443
4097
3901
3651
3401
3022
2884
1428
1331
551
472
288
6969
6814
6546
5375
5272
5117
4878
4098
3093
2875
888
796
552
7089
6452
5718
4378
172
3906
3906
172
3430
1364
1297
669
5154
1589
797
4950
4926
4755
4135
3613
1848
1581
1094
397
7760
7509
4347
3977
3959
3135
3094
922
447
7073
6906
4485
4296
3946
3231
3079
2398
1748
842
395
6376
2219
2219
701
764
1583
1730
3241
3297
4298
6740
6975
7074
7282
7298
7298
1217
1518
1671
3438
4116
5504
7778
7778
921
1731
1846
5359
5709
7533
7671
7671
2052
3847
4249
5230
5251
6394
6869
6869
1552
7455
7455
1552
6394
5251
6567
6567
5230
6398
6398
4249
3847
2052
7533
5709
5359
1846
1731
921
5504
4116
3438
6235
6235
1671
1518
1217
7282
7074
6975
6740
4298
3297
3241
1730
4932
4932
1583
764
701
6371
6280
6114
5973
5780
5613
5599
5481
5114
5093
4268
3723
3404
2464
2459
2100
2098
1947
1580
1480
917
581
445
410
373
7419
7244
6863
6792
6636
6284
5870
5845
5634
5493
5306
5196
4118
3305
3189
2923
1280
6835
6812
6723
6676
6510
6457
5604
5260
4859
4857
4689
4655
4509
4286
4129
3874
3575
2747
2589
2377
2355
1758
1673
1485
1004
714
335
326
193
163
147
2657
2123
412
7789
7080
6730
6579
6477
6418
6327
5978
4537
4445
4166
3076
2415
2321
1757
1033
185
64
6575
5758
4899
4127
3967
3903
1192
6660
5991
5656
5431
4979
4592
4289
4055
3468
3365
2516
2409
2212
1879
859
7346
1278
4671
4805
5545
5545
666
1554
1741
2467
3659
5223
6129
6601
7542
7542
959
1073
1372
1473
1878
2262
2754
2996
3311
3357
3665
4366
4713
5384
5708
5939
6273
6478
6988
7149
7274
7485
7622
7859
7859
289
3361
4335
4344
4513
4831
5343
6063
6375
7991
7991
529
613
1071
1352
1737
2305
2600
2941
3032
4245
4902
4992
5682
5990
6800
7348
7816
7816
97
650
1363
1394
1445
2245
3096
3199
3310
5073
5113
5903
6134
6200
6349
6767
7086
7216
7662
7891
7891
1019
1132
1497
1809
2882
3663
5968
6373
7396
7396
525
2692
2770
3600
3719
3894
4029
4090
5000
5267
5723
5893
6282
6282
603
1845
2702
2733
2764
2986
3185
3218
3666
5213
5959
7619
7619
5959
5213
6600
6600
1612
2433
2637
3058
3622
5484
5791
6008
7604
7604
6637
6637
425
512
1184
1524
1939
3658
4179
4313
5225
5266
5338
5358
5846
5873
6350
6547
6820
7367
7540
7540
7367
5523
5631
6665
6752
6752
2175
3883
5288
5288
747
1508
2023
2171
2356
2963
4903
5216
5704
6003
6827
7251
7251
150
757
854
1502
1629
1989
2271
2955
3852
4850
4881
4930
6322
6322
5432
5432
4930
4881
4850
3852
2955
2271
1989
1629
1502
854
757
150
6827
6003
5704
5216
4903
2963
2356
2171
2023
1508
747
3883
2175
6665
5631
5523
6820
6547
693
693
6350
5873
5846
5358
5338
593
3054
3054
593
5266
5225
4313
4179
3658
1939
1524
1184
512
425
6008
5791
5484
3622
3058
2637
2433
1612
3666
3218
3185
2986
2764
2733
2702
1845
603
5893
5723
5267
5000
4090
4029
3894
3719
3600
2770
2692
525
6373
5968
3663
2882
1809
1497
1132
1019
7662
7216
7086
6767
6349
6200
6134
5903
5113
5073
3310
3199
3096
2245
1445
1394
1363
650
97
7348
6800
5990
5682
4992
4902
4245
3032
2941
2600
2305
1737
1352
1071
613
529
6375
6063
5343
4831
4513
4344
4335
3361
289
7622
7485
7274
7149
6988
6478
6273
5939
5708
5384
4713
4366
3665
3357
3311
2996
2754
2262
1878
1473
1372
1073
959
6601
6129
5223
3659
2467
1741
1554
666
4805
4671
1278
6914
6410
5803
5421
3640
3139
3123
1946
1775
1407
1223
7483
7058
6505
5881
5118
4837
4490
4308
4044
3747
3699
3698
3406
3402
3278
2990
2898
2022
1574
1498
7519
7291
5012
3488
2834
2794
2641
1482
1475
378
7720
7326
6538
5711
5311
5271
5156
5013
4906
4742
3657
3507
3429
3146
2442
1959
1630
1353
1272
1229
744
353
188
7381
6717
6265
6182
5049
3818
2939
2806
2767
2011
1792
1782
1001
937
308
3791
3505
7376
7214
6862
6102
5754
4684
4626
3866
3766
3650
3380
2562
2290
2202
2108
310
7156
4620
6948
6948
4620
3408
3408
7018
6238
4920
4821
4770
4595
3654
3102
875
768
7287
7121
6281
6149
5050
4847
4691
4683
4256
4059
3677
3508
3476
3071
2911
2027
1736
534
318
127
7101
6893
6707
6509
5932
4365
3583
3501
3441
3395
2870
1877
1307
242
6866
6291
6014
5817
5733
5609
5573
5289
4919
4461
4102
2481
2431
2288
1808
1222
543
7184
6625
6072
777
777
3436
3436
5898
5894
4557
4405
4312
4208
3762
3641
3528
3489
2856
2799
2580
2358
1559
1392
1074
896
724
661
566
483
482
358
6361
6239
6211
5802
5746
4894
4388
4134
3282
3166
2833
2640
2195
840
442
322
256
6004
4812
4505
4225
2289
2223
2113
1797
1166
846
671
522
4493
4261
3449
3188
2326
3493
2810
4990
4633
4609
3819
3633
3038
2905
2259
1676
1674
1536
1336
895
884
664
602
556
257
68
7481
7474
7281
7204
6983
6319
5740
5462
5461
4017
3891
3808
3796
3513
2563
1894
1350
1203
7775
7136
6941
6715
6358
4910
4150
4068
3420
3364
3061
2792
2329
1682
1532
762
437
191
30
7855
7462
7394
7228
7137
6933
6455
5169
4756
4665
4223
4192
4130
3889
3163
2998
2296
2199
2093
1796
1764
1509
1505
1189
589
491
149
144
4834
4195
3787
1315
656
453
83
6789
6682
6316
5830
5492
5147
5054
4613
4501
4244
3789
3443
3101
2178
1933
1860
1755
1657
1565
1369
1133
864
154
7711
7510
4761
1400
1072
1025
5422
5140
4527
3746
2916
2787
2675
2482
1457
628
6557
6518
6496
5548
4947
4033
3811
1152
7004
5694
5653
5495
5146
5063
4232
4119
2682
2582
2056
1968
1958
1902
1849
1839
1725
1179
1137
904
597
332
303
5820
5792
2661
2652
2308
2058
970
362
5901
5663
5197
4975
3953
3820
3810
2811
1798
1284
1182
975
396
5879
4734
4704
4681
3930
3899
1567
294
6809
6728
4463
4065
3558
2061
1632
2209
961
15
903
903
788
1096
1266
3078
4233
4487
4986
5229
5387
5724
6066
6233
7097
7126
7593
7593
206
927
1153
2097
5199
5380
5611
5697
6146
6677
6745
7146
7146
1140
1301
1662
2067
2126
2542
3104
3877
4500
5061
5972
6991
6991
825
1092
1161
1194
1296
1777
1965
2313
2328
2439
3110
3130
3446
3512
3828
4606
4839
4870
4981
5133
5948
6699
6881
7009
7631
7783
7860
7860
781
1205
2215
2375
3777
3784
4160
4709
6374
7464
7587
7750
7750
405
1113
3895
4010
5621
7279
7279
5621
1035
1433
3034
3707
4159
6628
7630
7630
2413
4112
4112
2413
6628
5670
5670
4159
3707
3034
1433
1035
4010
3895
1113
405
7587
7464
6374
4709
4160
3784
3777
2375
2215
1205
781
7783
7631
7009
6881
6699
5948
5133
4981
4870
4839
4606
3828
3512
3446
3130
3110
2439
2328
2313
1965
1777
1296
1194
1161
1092
825
5972
5061
4500
3877
3104
2542
2126
2067
1662
1301
1140
6745
6677
6146
5697
5611
5380
5199
2097
2283
2283
1153
927
206
7126
7097
6233
6066
5724
5387
5229
4986
4487
4233
3078
1266
1096
788
15
848
338
230
7186
6920
6120
6097
5998
5878
5546
4789
4715
4035
3800
3509
3392
3016
3005
3002
2526
2403
2314
2218
1160
1154
426
364
352
6540
6503
5737
5107
5068
4895
3773
3251
1913
1701
1066
892
685
458
112
7259
7060
6516
6027
6012
5976
5031
2801
2756
2731
2412
2049
1876
1823
1818
1729
1646
1420
539
47
1225
6963
6552
5732
5655
5501
4900
4030
1934
994
148
99
6099
5485
2340
2064
2155
1911
7127
6801
6693
6253
6204
6010
5833
5779
5626
5139
4656
3598
3370
2568
1726
1641
737
720
652
638
558
411
292
51
7175
7150
6618
6075
5979
5910
5639
5571
5553
5334
5003
4711
4528
4524
4455
3890
3577
3259
3178
2230
2201
2029
1645
1065
837
320
232
88
7738
7725
7703
7640
7361
7135
6892
6521
6424
6171
6122
4886
2807
2620
2618
1459
1043
142
22
7562
7387
7190
7050
6473
6437
6255
5352
4744
4661
4544
4258
4197
3841
3824
3721
3487
2910
2886
2878
2752
2553
2538
2294
2222
1885
1665
1588
1560
1265
1138
1031
826
699
663
454
423
155
102
1803
1803
4086
5168
5168
4086
4599
4599
2096
2096
7081
7081
