4
5
8
15
19
22
28
41
45
56
59
64
70
73
74
76
79
80
82
108
113
116
118
121
123
130
131
135
139
141
150
151
155
158
160
165
167
168
170
171
173
176
178
182
183
184
188
193
223
227
239
247
251
254
255
264
277
280
281
283
290
302
305
306
316
321
332
333
336
337
344
352
354
358
361
369
372
388
392
398
400
403
408
410
411
413
434
438
445
450
453
454
461
464
476
482
483
484
490
498
501
502
505
506
512
524
530
538
543
551
555
558
562
570
572
577
582
583
591
593
600
609
613
618
620
626
632
634
638
640
642
647
649
656
681
688
698
700
708
711
714
715
716
721
729
730
736
739
740
744
745
749
761
763
765
767
770
773
774
781
783
787
798
801
803
804
815
824
837
838
839
840
842
854
856
863
870
878
879
886
890
896
897
901
903
906
910
914
923
924
934
938
939
949
952
960
963
968
980
982
984
990
994
996
999
1003
1005
1011
1016
1024
1026
1035
1036
1042
1074
1077
1079
1080
1082
1084
1085
1101
1106
1107
1109
1118
1122
1125
1129
1130
1135
1144
1146
1148
1150
1153
1155
1158
1165
1169
1174
1190
1191
1194
1195
1198
1204
1205
1207
1209
1220
1231
1232
1235
1246
1247
1262
1265
1269
1270
1273
1276
1280
1282
1285
1287
1296
1297
1307
1309
1310
1317
1320
1323
1324
1334
1341
1347
1349
1354
1358
1361
1362
1363
1365
1367
1369
1377
1379
1386
1388
1392
1401
1403
1405
1410
1411
1435
1440
1448
1454
1455
1461
1472
1475
1476
1481
1485
1494
1498
1500
1502
1511
1517
1518
1521
1524
1525
1529
1535
1539
1545
1548
1549
1554
1559
1560
1569
1571
1573
1574
1577
1578
1584
1590
1602
1609
1611
1625
1626
1636
1639
1642
1644
1645
1649
1654
1658
1659
1660
1664
1672
1676
1677
1681
1688
1694
1697
1698
1700
1703
1705
1709
1710
1717
1723
1724
1725
1731
1732
1734
1739
1740
1757
1758
1759
1760
1764
1768
1771
1779
1783
1791
1797
1801
1803
1811
1815
1822
1833
1845
1850
1851
1852
1853
1854
1856
1860
1862
1864
1867
1869
1872
1873
1876
1878
1887
1891
1895
1906
1942
1944
1947
1950
1953
1955
1959
1974
1981
1983
1989
1994
2000
2003
2008
2018
2019
2034
2048
2052
2061
2064
2066
2069
2071
2090
2093
2098
2099
2099
209
218
317
323
346
353
359
370
387
435
460
507
575
652
671
673
682
727
746
757
807
816
881
889
894
905
1059
1070
1083
1091
1100
1124
1138
1161
1162
1277
1295
1301
1318
1344
1375
1426
1439
1507
1534
1540
1597
1627
1695
1707
1741
1812
1823
1857
1871
1933
1962
1968
1985
1988
2035
2037
2037
2035
102
174
180
212
269
285
447
979
1105
1119
1459
1600
1662
1708
2094
2094
55
69
163
226
355
418
481
495
535
554
608
742
811
1013
1286
1294
1302
1406
1565
1640
1716
1752
1789
1957
2014
2031
2031
25
29
34
90
149
222
266
272
303
334
382
391
397
415
452
526
542
546
633
660
662
677
701
771
809
822
909
917
940
957
1038
1056
1060
1159
1164
1260
1337
1471
1473
1490
1505
1605
1670
1841
1902
1908
2004
2020
2047
2047
371
371
2020
1049
1049
833
1012
1022
1255
1255
1728
1728
1022
1012
833
2004
1908
1902
1841
1670
1605
1505
1490
1473
1471
1337
1260
1164
1159
1060
1056
1038
957
940
917
909
822
809
771
701
677
662
660
633
546
542
526
452
415
397
391
382
334
303
272
266
222
149
90
34
29
25
2014
1957
1789
1752
1716
1640
1565
1406
1302
1294
1286
1013
811
742
608
554
535
495
481
418
355
226
163
69
55
1708
1662
1600
1459
1119
1105
979
447
285
269
212
180
174
102
1988
1985
1968
1962
1933
1871
1857
1823
1812
1741
1707
1695
1627
1597
1540
1534
1507
1439
1426
1375
1344
1318
1301
1295
1277
1162
1161
1138
1124
1100
1091
1083
1070
1059
905
894
889
881
816
807
757
746
727
682
673
671
652
575
507
460
435
387
370
359
353
346
323
317
218
209
2098
2093
2038
2038
859
859
2090
2071
2069
2066
2064
2061
2052
2048
2034
2019
2018
2008
2003
2000
1994
1989
1983
1981
1974
1959
1955
1953
1950
1947
1944
1942
1906
1895
1891
1887
1878
1876
1873
1872
1869
1867
1864
1862
1860
1856
1854
1853
1852
1851
1850
1845
1833
1822
1815
1811
1803
1801
1797
1791
1783
1779
1771
1768
1764
1760
1759
1758
1757
1740
1739
1734
1732
1731
1725
1724
1723
1717
1710
1709
1705
1703
1700
1698
1697
1694
1688
1681
1677
1676
1672
1664
1660
1659
1658
1654
1649
1645
1644
1642
1639
1636
1626
1625
1611
1609
1602
1590
1584
1578
1577
1574
1573
1571
1569
1560
1559
1554
1549
1548
1545
1539
1535
1529
1525
1524
1521
1518
1517
1511
1502
1500
1498
1494
1485
1481
1476
1475
1472
1461
1455
1454
1448
1440
1435
1411
1410
1405
1403
1401
1392
1388
1386
1379
1377
1369
1367
1365
1363
1362
1361
1358
1354
1349
1347
1341
1334
1324
1323
1320
1317
1310
1309
1307
1297
1296
1287
1285
1282
1280
1276
1273
1270
1269
1265
1262
1247
1246
1235
1232
1231
1220
1209
1207
1205
1204
1198
1195
1194
1191
1190
1174
1169
1165
1158
1155
1153
1150
1148
1146
1144
1135
1130
1129
1125
1122
1118
1109
1107
1106
1101
1085
1084
1082
1080
1079
1077
1074
1042
1036
1035
1026
1024
1016
1011
1005
1003
999
996
994
990
984
982
980
968
963
960
952
949
939
938
934
924
923
914
910
906
903
901
897
896
890
886
879
878
870
863
856
854
842
840
839
838
837
824
815
804
803
801
798
787
783
781
774
773
770
767
765
763
761
749
745
744
740
739
736
730
729
721
716
715
714
711
708
700
698
688
681
656
649
647
642
640
638
634
632
626
620
618
613
609
600
593
591
583
582
577
572
570
562
558
555
551
543
538
530
524
512
506
505
502
501
498
490
484
483
482
476
464
461
454
453
450
445
438
434
413
411
410
408
403
400
398
392
388
372
369
361
358
354
352
344
337
336
333
332
321
316
306
305
302
290
283
281
280
277
264
255
254
251
247
239
227
223
193
188
184
183
182
178
176
173
171
170
168
167
165
160
158
155
151
150
141
139
135
131
130
123
121
118
116
113
108
82
80
79
76
74
73
70
64
59
56
45
41
28
22
19
15
8
5
