0
2
3
13
46
51
52
53
54
58
61
67
72
78
81
87
95
96
100
111
114
115
119
122
127
145
146
153
166
181
187
191
192
195
202
204
205
208
213
214
220
221
224
230
231
242
245
252
259
260
263
270
279
288
308
310
312
319
327
329
331
338
339
342
349
351
360
362
363
364
375
377
379
383
399
402
406
407
409
414
416
424
425
430
436
437
448
449
455
458
468
469
474
479
491
494
504
508
510
515
518
519
520
521
531
539
541
550
552
556
564
567
568
569
578
579
584
589
592
596
601
604
605
610
622
629
645
666
668
669
670
683
684
692
693
696
702
706
707
718
720
722
725
728
732
737
748
754
756
759
762
766
776
779
782
784
789
790
805
806
810
812
817
825
826
832
835
841
845
846
848
849
862
865
867
873
899
904
912
915
916
921
925
929
936
937
944
951
961
965
966
981
985
995
998
1010
1015
1020
1021
1023
1031
1033
1037
1045
1046
1047
1053
1061
1063
1066
1068
1069
1075
1086
1089
1093
1096
1098
1102
1108
1111
1112
1120
1132
1137
1139
1142
1152
1168
1173
1178
1179
1201
1206
1215
1216
1233
1236
1237
1241
1245
1249
1253
1268
1271
1275
1279
1288
1293
1300
1304
1305
1306
1316
1319
1321
1331
1336
1340
1343
1360
1364
1374
1383
1387
1389
1394
1395
1396
1398
1400
1402
1418
1420
1427
1429
1431
1437
1438
1443
1447
1449
1456
1460
1464
1467
1470
1477
1486
1491
1493
1496
1501
1503
1508
1519
1520
1527
1528
1536
1538
1552
1556
1562
1579
1582
1588
1593
1603
1606
1612
1613
1615
1622
1632
1635
1637
1638
1641
1655
1656
1667
1668
1679
1682
1684
1691
1702
1704
1719
1720
1722
1733
1736
1763
1765
1767
1774
1775
1776
1782
1784
1788
1804
1807
1809
1818
1820
1831
1839
1843
1847
1875
1877
1879
1880
1883
1888
1892
1899
1903
1905
1910
1913
1914
1917
1918
1919
1920
1923
1927
1929
1931
1934
1935
1937
1940
1946
1949
1951
1958
1965
1970
1979
1986
1987
1991
1992
1998
2002
2005
2009
2011
2015
2025
2026
2032
2043
2044
2051
2055
2060
2062
2067
2070
2072
2075
2082
2084
2085
2085
91
253
313
405
499
602
796
843
986
1227
1278
1370
1422
1446
1478
1610
1737
1954
2053
2053
1210
1272
1281
1312
1483
1960
1960
38
210
274
301
326
488
516
657
755
792
920
1067
1117
1128
1348
1414
1515
1543
1674
1675
1824
1881
1912
1928
2083
2083
134
190
315
573
590
612
836
1145
1175
1263
1419
1452
1479
1522
1669
1837
1911
1964
1996
1996
637
1718
2074
2074
86
322
465
599
680
1167
1189
1338
1352
1661
1661
760
1009
1156
1291
1291
665
665
175
446
446
2040
2040
175
1156
1009
760
1352
1338
1189
1167
680
599
465
322
86
1718
637
1964
1911
1837
1669
1522
1479
1452
1419
1263
1175
1145
836
612
590
573
315
190
134
1928
1912
1881
1824
1675
1674
1543
1515
1414
1348
1128
1117
1067
920
792
755
657
516
488
326
301
274
210
38
1483
1312
1281
1272
1210
1954
1737
1610
1478
1446
1422
1370
1278
1227
986
843
796
602
499
405
313
253
91
2084
2082
2075
2072
2070
2067
2062
2060
2055
2051
2044
2043
2032
2026
2025
2015
2011
2009
2005
2002
1998
1992
1991
1987
1986
1979
1970
1965
1958
1951
1949
1946
1940
1937
1935
1934
1931
1929
1927
1923
1920
1919
1918
1917
1914
1913
1910
1905
1903
1899
1892
1888
1883
1880
1879
1877
1875
1847
1843
1839
1831
1820
1818
1809
1807
1804
1788
1784
1782
1776
1775
1774
1767
1765
1763
1736
1733
1722
1720
1719
1704
1702
1691
1684
1682
1679
1668
1667
1656
1655
1641
1638
1637
1635
1632
1622
1615
1613
1612
1606
1603
1593
1588
1582
1579
1562
1556
1552
1538
1536
1528
1527
1520
1519
1508
1503
1501
1496
1493
1491
1486
1477
1470
1467
1464
1460
1456
1449
1447
1443
1438
1437
1431
1429
1427
1420
1418
1402
1400
1398
1396
1395
1394
1389
1387
1383
1374
1364
1360
1343
1340
1336
1331
1321
1319
1316
1306
1305
1304
1300
1293
1288
1279
1275
1271
1268
1253
1249
1245
1241
1237
1236
1233
1216
1215
1206
1201
1179
1178
1173
1168
1152
1142
1139
1137
1132
1120
1112
1111
1108
1102
1098
1096
1093
1089
1086
1075
1069
1068
1066
1063
1061
1053
1047
1046
1045
1037
1033
1031
1023
1021
1020
1015
1010
998
995
985
981
966
965
961
951
944
937
936
929
925
921
916
915
912
904
899
873
867
865
862
849
848
846
845
841
835
832
826
825
817
812
810
806
805
790
789
784
782
779
776
766
762
759
756
754
748
737
732
728
725
722
720
718
707
706
702
696
693
692
684
683
670
669
668
666
645
629
622
610
605
604
601
596
592
589
584
579
578
569
568
567
564
556
552
550
541
539
531
521
520
519
518
515
510
508
504
494
491
479
474
469
468
458
455
449
448
437
436
430
425
424
416
414
409
407
406
402
399
383
379
377
375
364
363
362
360
351
349
342
339
338
331
329
327
319
312
310
308
288
279
270
263
260
259
252
245
242
231
230
224
221
220
214
213
208
205
204
202
195
192
191
187
181
166
153
146
145
127
122
119
115
114
111
100
96
95
87
81
78
72
67
61
58
54
53
52
51
46
13
3
2
