0
146
730
1801
1883
1926
2374
2659
2718
2853
3280
3483
3856
3861
4173
4275
4353
4469
4578
4611
4632
4787
5210
5672
5915
5919
6107
6162
6667
6955
7044
7366
7471
7522
7806
7806
321
983
1361
1898
3050
3066
3816
3924
4703
5676
7317
7321
7602
7763
7763
624
912
1692
1909
2070
2894
3465
3814
4587
5890
6335
6406
6751
7028
7030
7318
7404
7442
7544
7544
246
2254
3212
4916
5258
5258
467
1905
2300
2785
3546
4099
4194
5233
5412
5445
5590
6749
6749
1598
1944
2454
2938
4196
5055
5394
5403
5832
6491
7170
7613
7903
7903
365
2021
2211
2594
2595
2599
2606
2858
2912
3069
4013
4183
4383
4430
4667
5103
5458
5868
6480
6553
6553
2948
3588
5588
6053
6561
6927
6927
5
34
186
372
428
830
1298
1619
1963
2246
2519
2696
2808
2930
2937
3141
3793
3972
4428
4610
4782
4935
5313
6726
7334
7538
7795
7909
7909
616
1431
1613
2265
2492
3240
3550
3576
3822
4302
4342
4375
4863
5074
5617
5987
6031
6069
7087
7087
287
434
774
1644
1753
2227
2742
3511
3873
5101
5122
5202
5269
5275
5562
5671
6044
6337
6541
6773
7616
7666
7721
7819
7819
189
285
1216
1843
2390
2423
2700
3644
3757
4174
4721
5807
6845
7000
7164
7235
7818
7818
1362
1430
2402
2544
2804
3164
3525
3718
4075
4136
5014
5205
5527
5666
5851
5875
6818
6826
6896
7498
7817
7817
29
1572
4495
7673
7673
4495
291
801
1711
2477
4433
4530
7128
7154
7494
7730
7887
7887
2090
3025
3610
5088
5332
5564
7734
7945
7945
1799
2775
2957
3716
4016
4635
5506
6383
6532
6532
32
231
2255
3023
3062
3381
4009
4374
4727
5391
7140
7391
7493
7523
7743
7896
7896
1520
1967
2046
3055
3994
4011
5886
6856
6856
178
229
363
836
1218
1471
1830
2444
2506
3073
3348
3585
3927
4327
5186
5211
5220
5793
5928
6345
7042
7059
7834
7998
7998
160
450
1587
1897
2003
2448
2559
3009
3352
3910
4008
5023
5032
6874
6874
72
119
123
248
461
547
604
732
734
746
1415
1478
1922
2086
2189
2713
3131
3377
3664
4051
4213
5162
5232
5280
5419
5805
5936
6470
6984
6990
7152
7183
7965
7965
274
1960
2035
2051
2513
2919
3033
3108
3520
3522
4774
4941
6680
6765
7572
7966
7966
858
1224
1617
2424
3674
3703
4226
4745
4776
5992
6062
6117
6264
6529
6871
6879
7037
7075
7294
7547
7658
7658
936
3989
4957
5295
7839
7839
5295
1120
1470
2622
6943
6943
1227
1836
3155
3366
3722
5849
7368
7588
7606
7606
4348
4680
6158
6158
13
3548
5120
5512
6586
6586
5512
5120
3548
13
4680
4348
7588
7368
5849
3722
3366
3155
1836
1227
2622
1470
1120
4957
3989
936
7547
359
1451
3682
3712
4096
5734
5765
6413
6487
6565
7799
7799
1460
1767
2164
2401
2530
3000
3011
3202
3330
3500
3570
5317
6428
7434
7871
7871
831
2036
3685
3970
4413
4848
4887
6454
7480
7594
7643
7786
7786
636
1013
1036
1149
1242
1247
4546
4702
4994
5570
5625
5857
5980
6861
6986
7124
7402
7402
1168
2539
2874
4395
4688
5208
6260
6755
6755
207
375
501
818
1277
1417
2405
2871
2876
3534
3675
3853
4123
5036
5994
6475
6483
7031
7482
7813
7979
7979
132
1244
1324
1647
2383
2437
2612
2862
2968
3024
3248
3472
3758
3956
4019
5064
5176
7088
7129
7708
7812
7832
7832
125
1688
2318
5361
5497
6385
6392
6639
7447
7899
7899
451
474
1187
1327
1368
1443
1487
1599
2611
2758
3115
3510
3702
4012
4480
4637
4918
5598
5842
6229
7266
7349
7944
7973
7973
4964
5957
7545
7913
7913
384
655
923
1745
2065
2297
3138
3198
3262
3706
4343
5382
5540
5834
6085
6382
6576
6939
7196
7879
7879
394
5145
6973
7039
7697
7803
7803
1990
2359
2428
3371
5649
5781
6889
7430
7742
7742
1257
1541
3627
3725
3774
3805
3872
4191
4350
4452
4642
4809
5228
5381
5637
5714
6305
6854
6854
951
1102
1722
1988
2221
2291
2551
3539
3567
3846
4265
4552
4576
4829
5400
6139
6555
6591
7645
7874
7981
7981
524
1314
1732
2488
2985
3935
4269
5129
5920
6444
6542
7479
7479
58
1253
1323
2453
2502
4085
4542
4602
5105
5385
5477
5603
6136
6407
6662
6964
7339
7339
6964
379
538
694
3996
6713
6713
3996
694
223
519
658
1388
2366
2425
4193
4349
4419
5137
6068
7893
7893
660
1087
1167
1976
1998
2060
2913
3167
3590
3865
4477
4560
4725
4971
5027
5071
5949
6251
6590
7134
7707
7707
114
284
640
2373
2825
3639
4024
4292
4838
4897
5914
6196
7383
7383
82
401
463
659
823
1040
1061
1980
2207
2660
2686
2974
2983
3363
3780
4037
4252
4410
5483
5735
6213
6311
6429
6570
6603
6697
6851
6905
6905
8
591
821
1287
1325
1432
2781
3053
3091
3203
3897
4431
6127
6308
7293
7670
7857
7957
7957
7857
40
214
705
877
1425
1548
1591
1749
1871
1936
2651
2667
3160
3580
4334
4791
4993
5060
5517
5799
6227
6232
6317
6318
7024
7158
7236
7716
7996
7996
3704
3968
4203
4730
5151
5151
10
439
518
606
883
1802
2449
3206
3396
3566
3624
4167
4359
4411
4517
4928
4966
5052
5278
5320
5360
5783
5810
5938
6268
6720
7377
7389
7389
417
436
1621
1862
2013
2520
2646
2672
2768
2914
2920
2952
4220
4484
4616
4819
4820
4822
4958
5554
5954
6210
6507
6571
6580
6690
7041
7051
7827
7983
7983
92
675
1626
5193
5345
5719
6409
7592
7768
7768
7592
1260
1260
6409
1742
2445
2908
4987
5084
5252
5811
5811
59
537
1045
1348
1575
1609
1685
1735
1921
1987
2465
3257
3323
3336
3339
5647
5689
6421
6421
387
2992
3884
5207
5812
5813
5933
7378
7378
402
645
1052
1248
2851
2965
2984
3190
3637
4175
4246
4397
4451
4634
4710
5022
5079
5535
5541
5958
6380
6791
6899
7065
7605
7851
7851
609
1196
1384
1490
1669
2587
2598
3437
6961
7238
7432
7532
7864
7864
1089
4766
4968
6810
7984
7984
6810
4968
742
1447
1928
1992
2148
3181
5405
5489
5741
5912
6640
6640
5912
902
2384
3607
3729
4816
5028
6750
6754
6754
5853
5853
6704
6704
6750
5028
4816
3729
3607
2384
902
5741
5489
5405
3181
2148
1992
1928
1447
742
4766
1089
7532
7432
7238
6961
3437
2598
2587
1669
1490
1384
1196
609
7605
7065
6899
6791
6380
5958
5541
5535
5079
5022
4710
4634
4451
4397
4246
4175
3637
3190
2984
2965
2851
1248
1052
645
402
5933
5813
5812
5207
3884
2992
387
5689
5647
3339
3336
3323
3257
2465
1987
1921
1735
1685
1609
1575
1348
1045
537
59
5252
5084
4987
2908
2445
1742
5719
5345
5193
1626
675
92
7827
7051
7041
6690
6580
6571
3983
5108
5108
536
3028
3169
3169
3028
536
3983
6507
6210
5954
5554
4958
4822
4820
4819
4616
4484
4220
2952
2920
2914
2768
2672
2646
2520
2013
1862
1621
436
417
7377
6720
6268
5938
5810
5783
5360
5320
5278
5052
4966
4928
4517
535
535
4411
4359
4167
3624
3566
3396
3206
2449
1802
883
606
518
439
10
4730
4203
3968
3704
7716
7236
7158
7024
6318
6317
6232
6227
5799
5517
5060
4993
4791
4334
3580
3160
2667
2651
1936
1871
1749
1591
1548
1425
877
705
214
40
7670
6787
6787
7293
6308
6127
4431
3897
3203
3091
3053
2781
1432
1325
1287
821
591
8
6851
6697
6603
6570
6429
1579
2008
3740
4414
7495
7495
429
2050
2059
2244
2734
3533
4310
4310
1547
2170
2382
6048
6048
2382
2170
1547
3533
2734
2244
2059
2050
429
4414
3740
2008
1579
6311
6213
5735
5483
4410
4252
4037
3780
3363
2983
2974
2686
2660
2207
1980
1061
1040
823
659
463
401
82
6196
5914
4897
4838
4292
4024
3639
2825
2373
640
284
114
7134
6590
6251
5949
5071
5027
4971
4725
4560
4477
3865
3590
3167
2913
2060
1998
1976
1167
1087
660
6068
5137
4419
4349
4193
2425
2366
1388
658
519
223
538
379
6662
6407
6136
5603
3059
3158
5944
6207
7275
7275
90
488
989
1597
1991
2496
3056
3445
4161
4222
4299
4750
5170
6220
6778
6778
2071
2892
5413
5413
66
391
427
438
1302
1448
1734
1811
2429
2813
3142
3862
4250
4322
4627
5633
5989
6466
6528
6692
6692
1453
2533
3563
6831
6831
3795
3795
3563
2533
181
409
2486
3152
5760
6965
7107
7733
7733
816
1041
1108
1318
1750
1822
2069
2157
4751
7178
7178
4751
2157
2069
1822
1750
2688
5322
7001
7122
7773
7773
7122
7001
5322
2688
1318
1108
1041
816
7107
6965
5760
3152
2486
409
181
1453
6528
6466
5989
5633
4627
4322
4250
3862
3142
2813
2429
1811
1734
1448
1302
438
427
391
66
2892
2071
6220
5170
4750
4299
4222
4161
3445
3056
2496
1991
1597
989
488
90
6207
5944
3158
3059
5477
5385
5105
4602
4542
4085
2502
2453
1323
1253
58
6542
6444
5920
5129
4269
3935
2985
2488
1732
1314
524
7874
7645
6591
6555
6139
5400
4829
4576
4552
4265
3846
3567
3539
2551
2291
2221
1988
1722
1102
951
6305
5714
5637
5381
5228
4809
4642
4452
4350
4191
3872
3805
3774
3725
3627
1541
1257
7430
6889
5781
5649
3371
2428
2359
1990
7697
7039
6973
5145
394
7196
6939
6576
6382
6085
5834
5540
5382
4343
3706
3262
3198
3138
2297
2065
1745
923
655
384
7545
5957
4964
7944
7349
7266
6229
5842
5598
4918
4637
4480
4012
3702
3510
3115
2758
2611
1599
1487
1443
1368
1327
1187
474
451
7447
6639
6392
6385
5497
5361
2318
1688
125
7812
7708
7129
7088
1515
1751
1776
4565
6095
6578
6578
179
295
861
1441
2860
3767
4434
5606
5632
5641
6348
7309
7970
7970
138
368
476
1238
1311
1738
2133
2368
2964
3105
3309
3343
4382
4535
4741
5309
5415
5436
6246
7160
7507
7507
76
1275
6909
6909
374
2273
6619
6619
2273
374
1275
76
7160
4497
7023
7161
7189
7189
7161
7023
4497
6246
5436
5415
5309
4741
4535
4382
3343
3309
3105
2964
2368
2133
1738
1311
1238
476
368
138
7309
6348
5641
5632
5606
4434
3767
2860
1441
861
295
179
6095
4565
1776
1751
1515
5176
5064
4019
3956
3758
3472
3248
3024
2968
2862
2612
2437
2383
1647
1324
1244
132
7813
7482
7031
6483
6475
5994
5036
4123
3853
3675
3534
2876
2871
2405
1417
1277
818
501
375
207
6260
5208
4688
4395
2874
2539
1168
7124
6986
6861
5980
5857
5625
5570
4994
4702
4546
1247
1242
1149
1036
1013
636
7643
7594
7480
6454
4887
4848
4413
3970
3685
2036
831
7434
6428
5317
3570
3500
3330
3202
3011
3000
2530
2401
2164
1767
1460
6565
6487
6413
5765
5734
4096
3712
3682
1451
359
7294
7075
7037
6879
6871
6529
6264
6117
6062
5992
4776
4745
4226
3703
3674
2424
1617
1224
858
7572
6765
6680
4941
4774
3522
3520
3108
3033
2919
2513
2051
2035
1960
274
7183
7152
6990
6984
6470
5936
5805
5419
5280
5232
5162
4213
4051
3664
3377
3131
2713
2189
2086
1922
1478
1415
746
734
732
604
547
461
248
123
119
72
5032
5023
4008
3910
3352
3009
2559
2448
2003
1897
1587
450
160
7834
7059
7042
6345
5928
5793
5220
5211
5186
4327
3927
3585
3348
3073
2506
2444
1830
1471
1218
836
363
229
178
5886
4011
3994
3055
2046
1967
1520
7743
7523
7493
7391
7140
5391
4727
4374
4009
3381
3062
3023
2255
231
32
6383
5506
4635
4016
3716
2957
2775
1799
7734
5564
5332
5088
3610
3025
2090
7730
7494
7154
7128
4530
4433
2477
1711
801
291
1572
29
7498
6896
6826
1081
1118
1408
2458
2472
2480
3204
3269
3608
4276
4511
5438
5827
6285
6474
6825
6850
7418
7418
12
275
804
2320
2380
2958
3252
3295
3375
3586
3753
3904
3961
4046
4705
4954
5363
5507
5513
5971
6111
6192
6498
6514
6757
7067
7648
7994
7994
183
1423
1573
2780
2901
4072
4077
4474
4515
4654
4999
6100
6438
6937
7053
7218
7467
7876
7876
49
573
727
784
787
1139
1199
2576
3951
4025
4177
4780
5087
6230
6440
6440
39
517
761
860
1200
1537
1540
2711
3450
3902
4049
4131
4540
4929
5123
5298
5865
5964
6623
7444
7740
7917
7934
7934
431
587
1158
1291
1643
2041
2066
2777
3215
3506
3693
4145
4236
4759
5721
5757
5787
6103
6105
6249
6379
7849
7849
544
776
1235
1611
2089
2508
3086
3515
3695
4089
5410
6049
7270
7270
610
751
1426
1718
1819
1835
3116
3209
3346
3459
4138
4273
4468
5624
6041
6340
6632
7221
7246
7754
7802
7805
7805
314
1063
1215
1359
1542
1997
2053
2537
2821
2895
3113
3390
3687
4165
4251
4817
5018
5083
5095
5237
5244
6183
6396
6652
7800
7800
6078
7125
7125
269
1812
1880
2191
2369
3582
3662
3869
5245
5505
6352
6556
7155
7424
7424
943
4300
6645
6645
1130
1344
2889
3683
5080
6356
7110
7110
6244
6244
6356
5080
3683
2889
1344
1130
4300
943
7155
6556
6352
5505
5245
3869
3662
3582
2369
2191
1880
1812
269
6078
6652
897
2779
2850
3100
3480
3696
4073
4270
5446
5897
6248
7261
7333
7333
7866
7866
7261
775
824
948
1450
1778
1806
1838
2045
3367
4058
4211
4561
6108
6148
6314
6329
6442
6880
6880
81
311
342
555
782
916
1642
3068
3162
3174
3499
4117
4315
4415
4584
4803
5043
5522
5752
6234
6256
6307
6806
7115
7208
7247
7308
7977
7977
2032
2032
7308
196
403
1940
2261
3111
3559
7232
7749
7749
166
233
822
870
960
1970
2961
4149
4651
6155
6443
6443
905
1286
1304
1667
3214
4042
4482
4869
5104
5330
5952
6549
7229
7997
7997
795
1890
3529
3652
4168
5772
5848
5848
110
1274
1290
1329
1507
1768
1769
2389
2619
3470
4063
4389
4942
5155
5163
5371
5454
5597
5814
7461
7566
7566
1672
1721
1721
1672
946
4180
4345
5521
5521
843
1794
3165
3165
343
3407
4853
6842
6842
4853
3407
343
1794
843
4345
4180
946
7461
5814
5597
1069
2414
2591
2691
2877
5699
5699
514
563
2578
3423
4076
4369
6815
6815
4369
4076
3423
2578
50
383
383
50
563
514
2877
2691
3834
3834
2591
2414
1069
5454
5371
5163
5155
4942
4389
4063
3470
2619
2389
1769
1768
1507
1329
1290
1274
110
5772
4168
3652
3529
1890
795
7229
6549
5952
5330
5104
4869
4482
4042
3214
1667
1304
1286
905
6155
4651
4149
2961
1970
960
870
822
233
166
7232
3559
3111
2261
1940
403
196
7247
7208
7115
6806
6307
6256
6234
5752
5522
5043
4803
4584
4415
4315
4117
3499
3174
3162
3068
1642
916
782
555
342
311
81
6442
6329
6314
6148
6108
4561
4211
4058
3367
2045
1838
1806
1778
1450
948
824
775
6248
5897
5446
4270
4073
3696
3480
3100
2850
2779
897
6396
6183
5244
5237
5095
5083
5018
4817
4251
4165
3687
3390
3113
2895
2821
2537
2053
1997
1542
1359
1215
1063
314
7802
7754
7246
7221
6632
6340
6041
5624
4468
4273
4138
3459
3346
3209
3116
1835
1819
1718
1426
751
610
6049
5410
4089
3695
3515
3086
2508
2089
1611
1235
776
544
6379
6249
6105
6103
5787
5757
5721
4759
4236
4145
3693
3506
3215
2777
2066
2041
1643
1291
1158
587
431
7917
7740
7444
6623
5964
5865
5298
5123
4929
4540
4131
4049
3902
3450
2711
1540
1537
1200
860
761
517
39
6230
5087
4780
4177
4025
3951
2576
158
5502
5502
158
1199
1139
787
1444
2240
2240
1444
784
3928
3928
727
573
49
7467
7218
7053
6937
2143
2311
4237
4237
2311
2143
6438
6100
4999
4654
4515
4474
4077
4072
2901
2780
1573
1423
183
7648
7067
6757
6514
6498
6192
6111
5971
5513
5507
5363
4954
4705
4046
3961
3904
3753
3586
3375
3295
3252
2958
2380
2320
804
275
12
6850
6825
6474
6285
5827
5438
4511
4276
3608
3269
3204
2480
2472
2458
1408
1118
1081
6818
5875
5851
5666
5527
5205
5014
4136
4075
3718
3525
3164
2804
2544
2402
1430
1362
7235
7164
7000
6845
5807
4721
4174
3757
3644
2700
2423
2390
1843
1216
285
189
7721
7666
7616
6773
6541
6337
6044
5671
5562
5275
5269
5202
5122
5101
3873
3511
2742
2227
1753
1644
774
434
287
6069
6031
5987
5617
5074
4863
4375
4342
4302
3822
3576
3550
3240
2492
2265
1613
1431
616
7795
7538
7334
6726
5313
4935
4782
4610
4428
3972
3793
3141
2937
2930
2808
2696
2519
2246
1963
1619
1298
830
428
372
186
34
5
6561
6053
5588
3588
2948
6480
5868
5458
5103
4667
4430
4383
4183
4013
3069
2912
2858
2606
2599
2595
2594
2211
2021
365
7613
7170
6491
5832
5403
5394
5055
4196
2938
2454
1944
1598
5590
5445
5412
5233
4194
4099
3546
2785
2300
1905
467
4916
3212
2254
246
7442
7404
7318
7030
7028
6751
6406
6335
5890
4587
3814
3465
2894
2070
1909
1692
912
624
7602
7321
7317
5676
4703
3924
3816
3066
3050
1898
1361
983
321
7522
7471
7366
7044
6955
6667
6162
6107
5919
5915
5672
5210
4787
4632
4611
4578
4469
4353
4275
4173
3861
3856
3483
3280
2853
2718
2659
2374
1926
1883
1801
730
146
4718
4718
1458
1458
4575
4575
1214
1214
2418
2418
