6
14
16
26
30
39
44
57
63
77
107
112
128
154
161
169
172
177
185
194
201
203
235
238
250
257
258
268
271
287
292
296
298
307
314
324
350
365
380
381
385
421
423
426
439
440
457
485
493
511
529
560
561
585
587
594
597
598
615
623
635
636
641
651
654
655
658
663
674
676
691
699
703
705
719
734
752
764
768
769
786
795
818
820
831
847
855
860
864
875
883
884
888
891
895
898
900
926
927
930
933
948
954
969
973
976
977
983
987
997
1004
1014
1019
1040
1043
1050
1073
1088
1097
1114
1116
1121
1126
1127
1149
1163
1181
1184
1187
1188
1192
1197
1199
1200
1202
1211
1212
1214
1221
1229
1242
1243
1254
1264
1303
1311
1325
1333
1339
1351
1356
1368
1373
1382
1408
1412
1413
1415
1416
1421
1436
1463
1484
1492
1495
1514
1530
1533
1547
1551
1561
1567
1570
1572
1575
1586
1599
1617
1621
1630
1631
1643
1653
1657
1665
1671
1680
1686
1690
1693
1701
1713
1714
1715
1721
1738
1743
1745
1746
1747
1748
1766
1770
1773
1778
1780
1785
1793
1794
1796
1798
1805
1810
1826
1828
1836
1838
1848
1863
1889
1924
1939
1941
1948
1966
1977
1978
1984
2010
2017
2027
2041
2045
2056
2063
2073
2076
2087
2088
2088
27
36
43
98
104
109
110
125
143
152
157
196
233
240
267
284
318
340
395
470
475
478
533
588
672
704
710
726
741
747
775
797
821
851
869
874
907
974
975
992
1007
1072
1160
1203
1226
1251
1284
1342
1417
1432
1433
1458
1488
1506
1537
1546
1616
1619
1623
1652
1663
1673
1687
1712
1817
1859
1861
1884
1893
1907
1922
1925
1972
2023
2049
2054
2081
2081
278
356
427
443
685
697
887
1601
1756
1866
1866
37
66
106
132
140
343
497
517
536
574
614
621
709
724
794
857
885
989
1055
1094
1143
1147
1177
1186
1225
1234
1248
1330
1359
1390
1393
1404
1424
1532
1580
1699
1816
1846
1904
1921
1973
2039
2039
12
549
631
679
1090
1208
1217
1497
1598
2036
2036
50
211
228
456
1032
1110
1230
1499
1526
1614
1614
1526
2089
2089
1499
1230
1110
1032
456
228
211
50
1598
1497
1217
1208
1090
679
631
549
12
1973
1921
1904
1846
1816
1699
1580
1532
1424
1404
1393
1390
1359
1330
1248
1234
1225
1186
1177
1147
1143
1094
1055
989
885
857
794
724
709
621
614
574
536
517
497
343
140
132
106
66
37
1756
1601
887
697
685
443
427
356
278
2054
2049
2023
1972
1925
1922
1907
1893
1884
1861
1859
1817
1712
1687
1673
1663
1652
1623
1619
1616
1546
1537
1506
1488
1458
1433
1432
1417
1342
1284
1251
1226
1203
1160
1072
1007
992
975
974
907
874
869
851
821
797
775
747
741
726
710
704
672
588
533
478
475
470
395
340
318
284
267
240
233
196
157
152
143
125
110
109
104
98
43
36
27
2087
101
148
225
273
373
396
420
431
441
532
580
717
788
959
1017
1029
1065
1081
1133
1224
1366
1385
1523
1541
1629
1633
1685
1754
1956
2007
2050
2086
2086
32
93
120
189
200
217
236
311
428
429
563
571
617
687
690
802
827
918
919
946
955
993
1048
1051
1218
1326
1441
1692
1755
1790
1795
1800
2058
2058
21
216
219
229
275
282
304
367
509
595
646
686
772
928
931
970
1001
1062
1087
1266
1292
1329
1504
1813
1827
1865
1897
1909
1916
2046
2046
156
325
412
540
627
858
1381
1550
1647
1729
1729
243
244
743
1423
1434
1434
1423
743
244
243
1647
1550
1381
858
627
540
412
325
156
1916
1909
1897
1865
1827
1813
1504
1329
1292
1266
1087
1062
1001
970
931
928
772
686
646
595
509
367
304
282
275
229
219
216
21
1800
1795
1790
1755
1692
1441
1326
1218
1051
1048
993
955
946
919
918
827
802
690
687
617
571
563
429
428
311
236
217
200
189
120
93
32
2050
2007
1956
1754
1685
1633
1629
1541
1523
1385
1366
1224
1133
1081
1065
1029
1017
959
788
717
580
532
441
431
420
396
373
273
225
148
101
2076
2073
2063
2056
2045
2041
2027
2017
2010
1984
1978
1977
1966
1948
1941
1939
1924
1889
1863
1848
1838
1836
1828
1826
1810
1805
1798
1796
1794
1793
1785
1780
1778
1773
1770
1766
1748
1747
1746
1745
1743
1738
1721
1715
1714
1713
1701
1693
1690
1686
1680
1671
1665
1657
1653
1643
1631
1630
1621
1617
1599
1586
1575
1572
1570
1567
1561
1551
1547
1533
1530
1514
1495
1492
1484
1463
1436
1421
1416
1415
1413
1412
1408
1382
1373
1368
1356
1351
1339
1333
1325
1311
1303
1264
1254
1243
1242
1229
1221
1214
1212
1211
1202
1200
1199
1197
1192
1188
1187
1184
1181
1163
1149
1127
1126
1121
1116
1114
1097
1088
1073
1050
1043
1040
1019
1014
1004
997
987
983
977
976
973
969
954
948
933
930
927
926
900
898
895
891
888
884
883
875
864
860
855
847
831
820
818
795
786
769
768
764
752
734
719
705
703
699
691
676
674
663
658
655
654
651
641
636
635
623
615
598
597
594
587
585
561
560
529
511
493
485
457
440
439
426
423
421
385
381
380
365
350
324
314
307
298
296
292
287
271
268
258
257
250
238
235
203
201
194
185
177
172
169
161
154
128
112
107
77
63
57
44
39
30
26
16
14
