1
11
17
24
35
40
42
47
65
75
94
97
105
117
136
142
144
147
162
232
234
265
276
289
295
299
341
345
348
374
394
404
433
459
462
463
473
477
489
492
500
514
527
528
544
545
547
548
557
565
566
586
624
625
630
643
644
648
650
659
667
678
689
753
780
791
813
819
828
830
850
861
872
893
908
935
956
978
1000
1008
1030
1034
1054
1058
1099
1104
1113
1115
1151
1157
1171
1196
1213
1223
1238
1244
1259
1298
1299
1308
1313
1315
1346
1355
1357
1380
1384
1397
1430
1445
1451
1453
1462
1469
1474
1480
1482
1487
1513
1531
1544
1555
1564
1568
1581
1583
1587
1591
1595
1620
1628
1634
1648
1651
1683
1696
1706
1711
1744
1753
1762
1787
1792
1799
1806
1808
1819
1825
1868
1885
1886
1894
1900
1930
1963
1969
1971
1980
1982
2021
2022
2024
2028
2029
2042
2065
2077
2079
2092
2092
60
198
852
1193
1240
1993
2033
2033
10
20
31
84
103
133
159
164
179
197
207
215
237
246
309
328
330
335
366
386
389
390
432
467
471
513
522
559
576
661
675
751
777
785
793
808
814
823
853
866
868
877
902
922
943
945
947
962
971
991
1002
1028
1039
1041
1064
1095
1123
1140
1154
1172
1180
1185
1219
1222
1239
1252
1256
1261
1274
1289
1314
1322
1328
1332
1350
1371
1391
1407
1425
1428
1468
1563
1576
1594
1604
1678
1689
1726
1730
1735
1749
1769
1772
1777
1814
1821
1832
1835
1844
1858
1896
1932
1938
1943
1975
1976
1995
2001
2006
2013
2091
2096
2096
7
68
71
83
89
129
138
256
297
357
376
393
417
419
442
523
525
537
606
611
628
664
758
800
882
892
967
1018
1027
1044
1076
1092
1170
1183
1267
1290
1372
1378
1409
1457
1509
1512
1542
1557
1585
1646
1650
1802
1830
1840
1842
1849
1870
1898
1901
1961
1999
2012
2080
2080
18
23
62
124
199
206
241
248
261
291
294
347
378
444
503
653
713
731
733
750
799
829
834
844
911
932
941
972
1052
1057
1134
1136
1141
1353
1376
1444
1489
1553
1596
1607
1750
1882
1936
1945
1967
1990
2016
2057
2059
2095
2097
2097
33
92
320
466
486
487
553
639
694
712
913
950
953
1006
1442
1450
1510
1608
1834
1890
1915
2030
2078
2078
126
262
880
964
988
1025
1071
1103
1283
1466
1926
1952
1997
1997
9
88
137
300
384
534
1182
1335
1558
1874
1874
1558
1335
1182
534
384
300
293
293
137
88
9
1952
1926
1466
1566
1829
1829
496
603
603
496
1855
1855
480
871
1131
1727
1727
451
1781
2068
2068
738
1078
1078
99
422
695
1176
1327
1666
1786
1786
186
401
616
619
942
1166
1250
1257
1258
1516
1592
1618
1624
1761
1761
249
723
958
1399
1589
1589
286
581
876
876
581
85
1228
1228
1465
1465
85
286
1399
607
607
49
472
735
778
1345
1742
1742
1345
1751
1751
778
735
48
48
472
49
958
723
249
1624
1618
1592
1516
1258
1257
1250
1166
942
619
616
401
186
1666
1327
1176
695
422
99
738
1781
451
1131
871
480
1566
1283
1103
1071
1025
988
964
880
262
126
2030
1915
1890
1834
1608
1510
1450
1442
1006
953
950
913
712
694
639
553
487
486
466
320
92
33
2095
2059
2057
2016
1990
1967
1945
1936
1882
1750
1607
1596
1553
1489
1444
1376
1353
1141
1136
1134
1057
1052
972
941
932
911
844
834
829
799
750
733
731
713
653
503
444
378
347
294
291
261
248
241
206
199
124
62
23
18
2012
1999
1961
1901
1898
1870
1849
1842
1840
1830
1802
1650
1646
1585
1557
1542
1512
1509
1457
1409
1378
1372
1290
1267
1183
1170
1092
1076
1044
1027
1018
967
892
882
800
758
664
628
611
606
537
525
523
442
419
417
393
376
357
297
256
138
129
89
83
71
68
7
2091
2013
2006
2001
1995
1976
1975
1943
1938
1932
1896
1858
1844
1835
1832
1821
1814
1777
1772
1769
1749
1735
1730
1726
1689
1678
1604
1594
1576
1563
1468
1428
1425
1407
1391
1371
1350
1332
1328
1322
1314
1289
1274
1261
1256
1252
1239
1222
1219
1185
1180
1172
1154
1140
1123
1095
1064
1041
1039
1028
1002
991
971
962
947
945
943
922
902
877
868
866
853
823
814
808
793
785
777
751
675
661
576
559
522
513
471
467
432
390
389
386
366
335
330
328
309
246
237
215
207
197
179
164
159
133
103
84
31
20
10
1993
1240
1193
852
198
60
2079
2077
2065
2042
2029
2028
2024
2022
2021
1982
1980
1971
1969
1963
1930
1900
1894
1886
1885
1868
1825
1819
1808
1806
1799
1792
1787
1762
1753
1744
1711
1706
1696
1683
1651
1648
1634
1628
1620
1595
1591
1587
1583
1581
1568
1564
1555
1544
1531
1513
1487
1482
1480
1474
1469
1462
1453
1451
1445
1430
1397
1384
1380
1357
1355
1346
1315
1313
1308
1299
1298
1259
1244
1238
1223
1213
1196
1171
1157
1151
1115
1113
1104
1099
1058
1054
1034
1030
1008
1000
978
956
935
908
893
872
861
850
830
828
819
813
791
780
753
689
678
667
659
650
648
644
643
630
625
624
586
566
565
557
548
547
545
544
528
527
514
500
492
489
477
473
463
462
459
433
404
394
374
348
345
341
299
295
289
276
265
234
232
162
147
144
142
136
117
105
97
94
75
65
47
42
40
35
24
17
11
