0
32
81
159
209
231
235
238
265
273
307
400
417
482
530
574
588
597
599
631
657
720
727
739
741
762
778
809
816
841
869
967
976
1012
1101
1119
1126
1284
1293
1324
1345
1356
1359
1384
1433
1450
1488
1493
1498
1499
1507
1509
1512
1641
1710
1730
1786
1800
1803
1862
1872
1890
1912
1912
91
156
232
317
340
374
438
647
688
885
932
1040
1112
1117
1165
1267
1285
1358
1458
1535
1734
1736
1896
1920
1969
1969
51
167
215
217
234
305
467
508
526
540
556
601
656
668
891
975
1021
1068
1102
1295
1340
1452
1524
1604
1613
1669
1713
1748
1855
1924
1931
1931
252
383
455
502
506
547
550
575
584
711
737
787
851
901
1127
1153
1316
1370
1402
1421
1504
1618
1778
1798
1846
1863
1883
1937
1971
1990
1990
33
99
119
122
135
389
461
466
522
620
624
667
747
783
793
831
1013
1099
1109
1128
1168
1171
1217
1227
1281
1363
1382
1391
1426
1463
1514
1570
1700
1714
1739
1749
1759
1839
1864
1864
72
233
313
421
496
673
684
689
792
835
881
1024
1138
1142
1210
1253
1319
1321
1369
1461
1791
1791
27
152
197
208
391
431
510
535
694
963
969
972
997
1059
1107
1140
1233
1310
1368
1523
1598
1631
1763
1784
1930
1930
299
318
329
408
437
458
1124
1148
1177
1179
1311
1674
1835
1873
1897
1915
1915
130
160
248
280
360
418
513
608
681
748
759
849
960
1058
1073
1203
1374
1392
1397
1441
1635
1691
1733
1754
1775
1807
1810
1882
1900
1992
1994
1994
36
55
151
182
359
376
483
541
649
701
725
843
939
957
1027
1371
1552
1633
1642
1980
1980
127
406
503
914
954
1484
1590
1590
942
945
1204
1675
1675
1557
1574
1574
321
366
1038
1438
1455
1637
1664
1943
1943
477
489
791
919
1160
1225
1962
1962
164
836
1237
1529
1529
1023
1768
1768
276
1228
1228
149
369
593
722
775
1239
1651
1651
11
53
756
765
1594
1594
765
538
830
892
924
1170
1581
1764
1829
1946
1946
106
311
361
691
1211
1393
1612
1612
102
204
226
609
655
686
817
1155
1496
1575
1699
1699
39
49
132
264
380
388
1090
1162
1167
1516
1563
1605
1673
1688
1940
1940
26
84
144
162
259
419
454
487
492
555
567
616
719
771
899
978
984
1131
1154
1259
1353
1416
1439
1544
1573
1814
1837
1842
1981
1981
327
826
990
1042
1069
1350
1540
1569
1652
1860
1964
1964
190
201
222
392
512
640
659
766
801
844
1258
1318
1379
1406
1460
1690
1732
1732
291
544
606
671
815
871
998
1052
1095
1205
1632
1830
1830
177
531
690
1593
1593
19
520
1000
1338
1367
1686
1686
285
528
1951
1951
528
133
398
755
755
398
904
904
133
319
319
285
1367
1338
1000
1409
1467
1500
1745
1745
621
723
736
1731
1731
660
1377
1905
1905
1377
660
736
723
621
1500
1467
1409
520
19
690
531
177
1632
1205
1095
1052
998
871
815
671
606
1902
1902
687
1164
1479
1724
1876
1876
1206
1223
1223
1352
1617
1617
542
789
789
542
1352
66
279
443
497
568
595
920
951
1270
1297
1410
1696
1867
1867
88
263
464
751
803
906
1046
1125
1251
1427
1698
1849
1849
242
511
900
1528
1528
225
473
580
1097
1307
1389
1550
1760
1760
184
1238
1238
77
78
100
145
154
347
947
991
1453
1517
1693
1693
3
46
83
112
237
1219
1530
1530
94
545
728
1534
1616
1899
1899
336
735
1003
1004
1007
1390
1738
1903
1903
64
367
764
1166
1355
1619
1619
724
1717
1717
472
490
679
1022
1183
1408
1468
1486
1538
1684
1684
287
529
594
678
1241
1485
1886
1886
200
505
1695
1851
1851
1695
505
200
1485
909
1545
1545
1692
1692
250
1215
1419
1933
1933
1419
1215
250
909
1241
678
20
1192
1192
1176
1448
1977
1977
1448
1176
20
594
529
287
1538
1486
1468
1408
1183
1022
679
490
472
724
1355
1166
764
367
64
1738
1390
1007
1004
1003
735
336
1616
1031
1031
1534
728
545
94
1219
237
112
83
46
3
1517
1453
991
947
347
154
145
100
78
77
184
1550
1389
1307
1097
580
473
225
900
511
242
1698
1427
1251
1125
1046
906
803
751
464
263
88
1696
1410
1297
1270
309
713
1202
1501
1501
70
79
272
840
1505
1505
176
1464
1606
1857
1857
1606
1464
176
840
272
79
70
1202
713
309
951
920
595
568
497
443
279
66
1206
1724
1479
1164
687
544
291
1690
1460
1406
1379
1318
1258
844
801
766
659
640
512
392
222
201
190
1860
1652
1569
1540
1350
1069
1042
990
826
327
1842
1837
1814
1573
1544
1439
1416
1353
1259
1154
1131
984
978
899
771
719
616
567
555
492
487
454
419
259
162
144
84
26
1688
1673
1605
1563
1516
1167
1162
1090
388
380
264
132
49
39
1575
1496
1155
817
686
655
609
226
204
102
1393
1211
691
361
311
106
1829
1764
1581
1170
924
892
830
538
756
53
11
1239
775
722
593
369
149
276
1023
1237
836
164
1225
1160
919
791
402
847
926
1622
1666
1723
1755
1755
1723
1666
1622
926
847
402
489
477
1664
1637
1455
1438
1038
366
321
1557
692
692
1204
945
942
1484
954
914
503
406
127
1642
1633
1552
1371
1027
957
939
843
725
701
649
541
483
376
359
182
151
55
36
1992
1900
1882
1810
1807
1775
1754
1733
1691
1635
1441
1397
1392
1374
1203
1073
1058
960
849
759
748
681
608
513
418
360
280
248
160
130
1897
1873
1835
1674
1311
1179
1177
1148
1124
458
437
408
329
318
299
1784
1763
1631
1598
1523
1368
1310
1233
1140
1107
1059
997
972
969
963
694
535
510
431
391
208
197
152
27
1461
1369
1321
1319
1253
1210
1142
1138
1024
881
835
792
689
684
673
496
421
313
233
72
1839
1759
1749
1739
1714
1700
1570
1514
1463
1426
1391
1382
1363
1281
1227
1217
1171
1168
1128
1109
1099
1013
831
793
783
747
667
624
620
522
466
461
389
135
122
119
99
33
1971
1937
1883
1863
1846
1798
1778
1618
1504
1421
1402
1370
1316
1153
1127
901
851
787
737
711
584
575
550
547
506
502
455
383
252
1924
1855
1748
1713
1669
1613
1604
1524
1452
1340
1295
1102
1068
1021
975
891
668
656
601
556
540
526
508
467
305
234
217
215
167
51
1920
1896
1736
1734
1535
1458
1358
1285
1267
1165
1117
1112
1040
932
885
688
647
438
374
340
317
232
156
91
1890
1872
1862
1803
1800
1786
1730
1710
1641
1512
1509
1507
1499
1498
1493
1488
1450
1433
1384
1359
1356
1345
1324
1293
1284
1126
1119
1101
1012
976
967
869
841
816
809
778
762
741
739
727
720
657
631
599
597
588
574
530
482
417
400
307
273
265
238
235
231
209
159
81
32
519
800
800
210
662
662
210
1871
1871
519
1401
1401
1197
1197
414
1144
1144
1093
1093
414
1322
1322
