96
35
251
333
748
2440
2837
3409
3519
3738
3881
4357
4472
4590
5006
5463
5628
6029
6077
6415
6610
7139
7257
7257
108
3629
5861
7939
7939
5861
3629
108
7139
6610
6415
4795
4795
6077
6029
5628
5463
5006
4590
4472
4357
18
78
1716
2818
2818
1716
78
18
3881
3738
3519
3409
2837
2440
748
333
251
35
200
863
869
1953
4937
5285
5843
7120
7120
513
1101
1698
2018
4338
5248
5248
4338
1078
5201
6016
6840
6840
6016
5201
1078
2018
1698
435
4331
4773
4773
997
1640
2141
6082
6506
6597
6620
6930
6930
2182
3267
3770
4851
4851
309
592
1553
5096
5678
7332
7332
2122
6622
6622
1788
5822
6254
6447
6796
6796
1979
3981
4488
6876
7397
7397
835
1354
1881
2729
7678
7678
360
5561
5561
360
4768
4768
2729
1881
2232
3041
3084
3416
4699
4771
6156
6156
56
987
1163
4483
6292
6331
6331
5460
5967
5967
1316
2710
6094
6094
1002
2047
3569
4796
6450
7895
7895
6450
3769
7014
7014
3769
4796
3569
2047
1002
2710
1316
5460
6292
4483
1491
6197
7751
7751
6197
1491
1163
987
56
4771
4699
3416
3084
3041
2232
1354
835
6876
4488
3981
1979
6447
6254
5822
1788
2122
5678
5096
1553
592
309
3770
3267
2182
6620
6597
6506
6082
2141
1640
997
6001
6001
4331
435
1101
513
5843
5285
4937
2091
2091
6523
7250
7250
1006
1083
2334
3517
3611
4597
7573
7815
7815
264
657
719
3560
4760
5616
5673
6654
6976
6976
135
1191
1762
2575
3081
7833
7833
3540
6931
7920
7920
6931
3540
3081
2575
1762
1935
6194
7531
7531
1616
4171
4187
5005
6460
6460
153
1982
3839
4573
5053
5408
7807
7807
1288
2132
4281
5995
6055
7144
7907
7907
910
1516
1780
2426
3432
3997
4297
4297
1684
2561
4207
4304
4346
6629
6670
7830
7830
2690
7960
7960
1028
2602
2625
5389
7652
7652
1602
2048
2755
6050
6175
6175
176
1259
1259
176
6050
4712
4712
1563
1892
2634
2707
5568
5953
6864
6864
2540
3938
4318
4377
5660
6259
6259
217
471
702
3922
4142
5790
6057
7814
7814
2613
2906
5891
5891
98
2252
5270
6267
6270
6968
6968
455
1815
2404
3991
4133
4976
5487
6037
6037
2929
3347
3785
4361
4521
4876
5368
5479
6536
6947
7574
7574
2529
2982
5533
5533
2982
2529
6947
4007
6999
7612
7612
6999
1915
6761
6761
1915
1534
2125
2130
3298
3858
4566
5336
5336
304
1030
5437
7551
7551
1379
7249
7843
7843
5158
5922
7016
7016
5922
5158
7249
1379
5437
6119
6119
1030
304
4566
3858
3298
2130
2125
1534
4007
6536
4743
4743
5479
5368
980
2866
5301
5301
2866
980
4876
4521
4361
3785
3347
2929
5487
4976
4133
3991
2404
1815
455
6270
6267
5270
2252
98
2906
2613
6756
7469
7469
6756
6057
5790
4142
3922
702
471
217
5660
4377
4318
3938
2540
5953
5568
2707
2634
1892
1563
2755
2048
1602
5389
2625
2602
1028
2690
6670
3623
3623
6629
4346
137
137
4304
4207
2561
1684
3997
3432
2426
1780
1516
910
7144
6055
5995
4281
2132
1288
5408
4849
4849
5053
4573
3839
1982
153
5005
4187
4171
1616
6194
1935
1191
135
6654
5673
5616
4760
3560
719
657
264
7573
4597
3455
4640
5376
5889
7646
7914
7914
277
281
1872
1985
3929
5785
5918
5918
5785
3929
1985
1872
281
277
7646
5889
5376
4640
3455
3611
3517
2334
1083
1006
6523
1953
869
863
200
1610
1610
622
273
459
466
1086
1479
2076
2134
3410
4114
4317
4533
5341
6083
7142
7142
6083
5341
4533
4317
4114
3410
2134
2076
1479
1086
466
459
273
