37
159
258
2107
2129
2145
2176
2855
2885
3486
3761
4471
4518
4583
5426
5983
6621
6706
6913
7237
7379
7714
7889
7889
1535
2054
3684
5268
5638
6098
6653
7636
7636
481
1269
1600
2154
2228
3530
3621
3943
6087
6101
6101
6087
3943
3621
238
432
618
642
665
703
878
1032
1175
2002
2350
2372
4465
5327
5930
7356
7935
7935
239
1047
1190
1380
2025
2569
3849
3950
4367
5135
5411
6320
6515
6944
7285
7982
7982
1680
5841
7488
7488
5841
1680
7285
95
595
974
3422
7589
7589
3422
974
595
95
6944
1439
7557
7557
1439
6515
6320
5411
5135
6922
6922
4367
3950
3849
2569
2025
1380
1190
1047
239
7356
5930
5327
4465
2372
2350
2002
1175
1032
878
703
665
642
618
432
238
3530
2228
2154
1600
1269
481
6653
6098
5638
5268
3684
1483
2306
2629
2969
4429
5152
5574
6070
6445
7159
7297
7476
7476
7297
7159
6445
6070
918
939
2460
4146
5657
6916
6916
197
557
1842
2007
2131
2466
2896
3268
3830
4961
5328
5510
6222
6884
6884
2654
2791
3074
3122
5051
5706
6793
7103
7103
145
1409
1584
2391
2727
2789
2835
2975
3265
3285
3362
3415
3535
5224
6141
6647
6718
6722
7810
7950
7950
6910
6910
7810
280
1393
1393
290
355
574
736
1659
2282
2971
3369
3597
3673
3880
5705
5782
5825
6766
6952
7537
7537
328
1747
2028
2564
3103
3975
5900
5900
3975
3103
2564
2028
1747
2843
2869
4373
4646
4646
4373
2869
2843
328
6952
6766
5825
5782
5705
3880
3673
3597
3369
2971
2282
1659
736
574
355
290
280
6722
6718
1623
1623
6647
6141
5224
3535
3415
3362
3285
3265
2975
2835
2789
2727
2391
1584
1409
145
6793
5706
5051
3122
3074
2791
2654
6222
5510
5328
4961
3830
3268
2896
2466
2131
2007
1842
557
197
5657
4146
2460
939
918
5574
5152
4429
2969
2629
2306
1483
2054
1535
7714
7379
7237
6913
6706
6621
5983
5426
4583
4518
4471
3761
3486
2885
2855
2176
2145
2129
2107
258
159
194
194
7748
7748
6502
6502
6330
6330
