4
28
30
71
108
120
150
213
296
314
326
341
370
560
661
740
749
777
859
864
897
956
1009
1016
1050
1100
1118
1136
1220
1235
1272
1388
1394
1469
1522
1526
1571
1621
1638
1678
1726
1785
1817
1932
1947
1979
1999
1999
29
110
320
401
493
572
641
769
811
913
936
938
1175
1178
1189
1201
1294
1320
1328
1428
1440
1472
1611
1707
1802
1938
1938
59
68
80
134
260
300
495
820
848
863
1110
1113
1266
1314
1429
1588
1682
1771
1799
1799
35
101
442
543
559
902
1039
1214
1244
1249
1300
1339
1549
1584
1585
1753
1797
1976
1976
17
24
368
384
441
491
627
781
933
965
1015
1029
1159
1279
1527
1600
1761
1813
1827
1885
1959
1959
352
377
607
961
1108
1198
1349
1627
1794
1820
1820
447
527
664
665
730
733
962
1064
1250
1921
1963
1963
403
403
1921
92
148
170
205
239
436
478
488
507
558
612
699
717
718
799
1026
1080
1143
1385
1502
1539
1578
1697
1708
1742
1818
1875
1974
1974
22
76
195
221
240
345
435
445
571
705
768
832
873
944
1078
1376
1543
1607
1657
1811
1811
179
180
274
316
332
390
393
407
474
611
710
786
868
886
893
1283
1325
1407
1475
1494
1551
1562
1620
1654
1729
1776
1853
1869
1891
1949
1949
52
105
115
121
174
187
322
324
330
459
598
604
614
622
683
788
802
821
866
940
964
1187
1194
1442
1446
1531
1587
1625
1650
1668
1787
1909
1909
504
515
566
754
808
856
1182
1518
1589
1649
1702
1737
1737
114
194
207
378
453
501
587
712
770
822
880
935
1054
1173
1474
1478
1687
1766
1859
1948
1948
344
596
617
630
707
1037
1114
1648
1648
288
331
636
650
682
702
888
983
1147
1305
1640
1720
1822
1826
1877
1881
1881
7
48
61
365
486
644
729
750
1033
1487
1721
1792
1796
1808
1986
1991
1991
146
846
1157
1647
1942
1942
1609
1747
1765
1765
416
1234
1845
1845
1234
416
6
294
581
677
1200
1317
1317
1200
168
675
813
1334
1334
813
675
168
1089
1985
1985
645
695
1289
1847
1847
1254
1254
266
1513
1532
1583
1998
1998
1583
131
199
267
364
1105
1510
1510
12
107
181
193
261
323
432
782
833
980
1076
1431
1495
1685
1819
1819
773
780
970
1028
1139
1511
1553
1712
1712
41
592
734
742
1014
1121
1141
1679
1679
93
141
206
211
333
521
1057
1243
1354
1965
1965
1354
1243
1057
521
333
211
206
141
93
1141
1121
1014
742
734
592
41
1553
1511
1139
1028
970
780
773
1685
1495
1431
1076
980
833
782
432
323
261
193
181
107
12
1105
364
267
199
131
1532
653
653
1513
266
1289
695
645
1089
677
581
294
6
1443
1443
1747
229
410
839
1677
1677
293
462
715
763
1568
1568
103
1972
1972
103
763
674
1070
1572
1906
1993
1993
396
973
1287
1725
1725
680
1626
1626
302
523
1665
1741
1834
1834
1741
1665
523
302
680
1287
973
396
1906
1572
1070
674
715
462
293
839
410
229
1609
1647
1157
846
146
1986
1808
1796
1792
1721
1487
1033
750
729
644
486
365
61
48
7
1877
1826
1822
1720
1640
1305
1147
983
888
702
682
650
636
331
288
1114
1037
707
630
617
596
344
1859
1766
1687
1478
1474
1173
1054
935
880
822
770
712
587
501
453
378
207
194
114
1702
1649
1589
1518
1182
856
808
754
566
515
504
1787
1668
1650
1625
1587
1531
1446
1442
1194
1187
964
940
866
821
802
788
683
622
614
604
598
459
330
324
322
187
174
121
115
105
52
1891
1869
1853
1776
1729
1654
1620
1562
1551
1494
1475
1407
1325
1283
893
886
868
786
710
611
474
407
393
390
332
316
274
180
179
1657
1607
1543
1376
1078
944
873
832
768
705
571
445
435
345
240
221
195
76
22
1875
1818
1742
1708
1697
1578
1539
1502
1385
1143
1080
1026
799
718
717
699
612
558
507
488
478
436
239
205
170
148
92
1250
1064
962
733
730
665
664
527
447
1794
1627
1151
1151
1349
1198
1108
961
607
377
352
1885
423
1623
1623
25
420
430
525
703
1245
1984
1984
298
643
1944
1944
643
298
1245
610
931
931
1298
1597
1756
1756
1597
1298
87
348
1261
1261
96
173
243
271
603
619
697
798
1051
1780
1780
1051
516
516
63
1221
1221
63
798
697
375
375
619
603
271
243
173
96
348
87
610
703
525
430
420
25
423
1827
1813
1761
1600
1527
1279
1159
1029
1015
965
933
781
627
491
441
384
368
24
17
1797
1753
1585
1584
1549
1339
1300
1249
1244
1214
1039
902
559
543
442
101
35
1771
1682
1588
1429
1314
1266
1113
1110
863
848
820
495
300
260
134
80
68
59
1802
1707
1611
1472
1440
1428
1328
1320
1294
1201
1189
1178
1175
938
936
913
811
769
641
572
493
401
320
110
29
1979
1947
1932
449
449
1817
1785
1726
1678
1638
1621
1571
1526
1522
1469
1394
1388
1272
1235
1220
1136
1118
1100
1050
1016
1009
956
897
864
859
777
749
740
661
560
370
341
326
314
296
213
150
120
108
71
30
28
979
979
1067
1067
1928
1928
1347
1347
1332
1332
867
1025
1161
1218
1477
1477
1218
1561
1561
47
539
1823
1823
539
47
1161
1025
867
1357
1357
