6
282
1105
1237
1276
1341
1544
1814
2514
2681
2796
2836
2979
3200
4087
4426
4516
4652
4799
4945
5314
5344
5577
5722
5996
6362
7194
7549
7549
249
298
508
929
1258
1896
2248
2760
3057
3741
3838
4464
5039
5131
5423
6071
6118
6328
6581
6833
7061
7105
7286
7614
7627
7684
7684
151
1068
1389
2000
2104
4441
4504
7468
7992
7992
299
850
1317
2823
3087
3334
3829
4205
4404
5367
5607
6168
6602
6727
6908
7927
7927
792
2117
2385
2723
3496
3616
3812
3893
4153
4325
4650
4724
4836
4924
5654
6015
6858
6996
7417
7752
7752
1125
2348
3329
4301
4420
5470
5771
7668
7668
259
677
697
845
931
1015
1049
1804
2127
2928
2944
3013
3344
3562
4176
4679
4835
5037
6404
6524
6763
6900
7458
7715
7715
7458
630
1164
1743
2136
3219
5514
6020
7563
7563
952
1144
1234
1476
1677
2325
3004
3314
3431
3599
4396
4458
5020
5776
5786
6544
6753
7056
7116
7283
7959
7959
85
250
644
679
779
998
1173
1219
1343
2039
2077
2367
2557
2631
3448
3638
4093
4824
5662
6666
6673
6873
7511
7511
106
340
382
582
607
829
889
1899
2200
3552
3603
4757
6657
6960
7162
7188
7305
7611
7611
580
874
1064
1633
1882
2590
2771
3026
3302
3452
4124
6096
6741
6741
986
1250
1793
3321
3727
4027
4355
6174
6703
6829
7585
7595
7595
1123
1943
4466
5274
5310
5677
5727
6795
7392
7731
7980
7980
105
608
890
1232
1418
1805
3195
6816
6816
313
1355
1810
1850
2639
2891
3132
3923
4391
4432
5847
5988
6039
6872
6912
7330
7586
7586
42
1656
1719
3220
3227
3418
3457
3573
3772
3835
3907
4147
4380
5173
6166
7062
7111
7491
7491
456
1131
2269
2812
2997
3427
3809
5287
5326
5351
6110
6247
7066
7210
7386
7386
265
521
1255
1375
1867
2165
3161
3399
3689
4363
4735
4790
5204
5440
5466
5482
6367
6408
6472
6846
6885
6987
7804
7804
505
600
1791
3724
4883
7340
7609
7723
7723
101
629
1099
1387
1465
2034
3083
3338
3934
4078
4330
5246
7460
7460
5246
4330
4078
809
2135
2511
2829
2946
2988
2993
3318
3351
4291
4376
5924
6564
6760
6760
16
31
234
341
710
1727
2147
3524
4290
4314
5999
6598
7267
7267
1452
3587
6342
7310
7554
7554
261
440
721
934
1446
1566
1851
1950
2349
2786
4111
4216
4891
5395
5396
5543
5876
6511
6911
6978
7269
7610
7610
2043
4319
4449
4737
5017
5297
5537
6417
6936
7374
7888
7888
28
2945
3397
4336
5323
5720
6161
7311
7311
6161
583
2197
2881
3085
4412
4412
3085
2881
2197
583
5720
5323
228
615
738
1090
1495
1528
1660
1986
2115
2166
2263
2463
2632
2680
2766
4659
5194
5963
6167
6258
6339
7811
7811
271
686
1523
2709
2978
3714
4963
5393
7527
7657
7999
7999
2026
2337
4421
5443
5443
4421
2337
2026
7657
7527
5393
4963
139
2106
2180
3027
3120
3614
4788
5756
6274
6811
7304
7304
6811
1707
4069
4898
4912
5312
5312
65
1635
3451
4303
4915
4917
5695
6296
6476
6895
6962
7166
7166
1624
3018
4784
5024
6121
7099
7099
6121
5024
1005
1678
2976
3790
3987
6608
6608
3987
3790
2976
1678
1005
4784
3018
278
780
3223
5569
7655
7655
5569
3223
780
278
1624
6962
6895
344
1188
1349
2272
3207
3705
4204
4693
4763
5524
5816
6533
6696
7974
7974
772
1715
3125
3980
4473
5077
5178
5457
6226
6353
6594
7337
7337
1789
2847
4081
5119
5828
6297
6446
6651
7437
7437
121
406
575
1117
3274
6426
7145
7414
7747
7747
915
1966
2103
2220
2655
3732
5414
7327
7327
5414
3732
2655
2220
2103
1966
915
7414
7145
2217
4747
6042
7906
7906
2868
2973
3127
3387
4728
4888
5070
5398
6306
6945
7064
7505
7745
7756
7756
1784
1972
2658
3304
3527
3636
4209
4669
4983
5475
5642
5892
7584
7584
24
1110
1136
1213
1391
1546
1981
2406
2712
3612
4264
4685
5048
5325
5701
6269
6634
6748
7436
7582
7735
7735
739
1210
1233
2120
2299
2434
2565
2705
2740
3775
4079
5265
5293
6453
6995
7292
7828
7828
976
2547
2839
2918
3760
4022
4856
4955
5282
5555
7454
7885
7885
7454
1614
3572
4023
4092
5286
7034
7098
7420
7420
1395
1607
2196
3287
3843
4110
6412
6701
6701
430
1023
1051
4227
4589
4664
4808
5529
7654
7654
134
136
254
330
614
654
926
1211
1299
1681
1733
2152
2307
3019
3149
3273
3435
3669
4360
4529
5100
5877
6488
6582
6974
7168
7382
7664
7933
7933
1014
1531
2072
2362
4372
4408
4448
4927
6219
6493
6493
1076
1088
1695
2399
2608
4647
5348
6650
7427
7427
947
1292
3244
4525
4525
2397
2397
3244
1292
947
6650
5348
4647
2608
2399
1695
1088
1076
6219
4927
4448
4408
4372
2362
2072
1531
1014
7664
4732
7253
7253
1875
2636
5142
6271
7173
7704
7704
7173
6271
5142
1543
1585
1689
2468
2577
2670
3140
3150
3749
5183
5552
5907
5984
7231
7322
7492
7635
7841
7841
2268
2621
3620
7113
7369
7369
7113
3620
2621
2268
7635
564
1401
1401
564
7492
7322
1461
1461
7231
5984
5907
5610
5610
5552
5183
3749
3150
3140
2670
2577
2468
1689
1585
1543
2636
1875
4732
7382
7168
6974
6582
6488
5877
5100
4529
4360
3669
3435
3273
3149
3019
2307
2152
1733
1681
1299
1211
926
654
614
330
254
136
134
5529
4808
4664
4589
4227
1051
1023
430
6412
4110
3843
3287
2196
1607
1395
7098
7034
5286
4092
4023
3572
1614
5555
5282
6848
6848
4955
4856
4022
3760
2918
2839
2547
976
7292
6995
6453
5293
5265
4079
3775
2740
2705
2565
2434
2299
2120
1233
1210
739
7582
7436
6748
6634
6269
5701
5325
5048
4685
4264
3612
5651
5651
2712
2406
1981
1546
1391
1213
1136
3589
3589
1110
24
5892
5642
5475
4983
4669
4209
3636
3527
3304
2658
1972
1784
7745
7505
4543
4543
7064
3246
3246
6945
6306
5398
5070
4888
4728
3387
3127
711
6711
6711
711
2973
2868
6042
4747
3192
7148
7148
3192
4151
4151
2217
6426
3274
1117
575
406
121
6651
6446
6297
5828
5119
4081
2847
1789
6594
6353
6226
5457
5178
5077
4473
3980
3125
1715
772
6696
6533
5816
5524
4763
4693
4204
3705
3207
2272
1349
1188
344
6476
6296
5695
4917
4915
4303
3451
1635
65
4912
4898
4069
1707
6274
5756
4788
3614
3120
3027
2180
2106
139
3714
2978
2709
1523
686
271
6339
6258
6167
5963
5194
4659
2766
2680
2632
2463
2263
2166
2115
1986
1660
1528
1495
1090
738
615
228
4336
3708
3708
3397
2945
28
7374
6936
6417
5537
5297
5017
4737
4449
4319
2043
7269
6978
7665
7665
23
899
2085
2333
3462
4582
4698
4769
5572
6359
7512
7512
4026
4503
4503
545
1634
2235
3630
3744
6024
7296
7985
7985
140
319
1340
2322
3428
3645
3952
4811
5150
7694
7916
7916
965
1405
2124
3003
3955
5249
5945
7543
7543
86
337
441
1429
1774
2446
2788
4337
6388
6388
599
814
999
3095
3237
4765
7858
7858
4765
3237
3095
999
814
599
4337
2788
2446
1774
1429
441
337
86
5945
5249
4257
4257
3955
3003
2124
1405
965
7694
2422
2422
5150
4811
3952
3645
3428
2322
1340
319
140
7296
6024
3744
3630
2235
1634
545
4026
6359
5572
4769
4698
4582
3462
2333
2085
899
23
6911
6511
5876
5543
5396
5395
4891
4216
4111
2786
2349
1950
1851
1566
1446
934
721
440
261
7310
6342
3587
1452
6598
5999
4314
4290
3524
2147
1727
710
341
234
31
16
6564
5924
4376
4291
3351
3318
2993
2988
2946
2829
2511
2135
809
3934
3338
3083
2034
919
2017
2205
2933
3114
4402
5257
5257
131
5763
5854
5854
1021
1021
5763
131
6928
6928
4402
3114
2933
2205
2017
919
1465
1387
1099
629
101
7609
7340
4883
3724
1791
600
505
6987
6885
6846
6472
6408
6367
5482
5466
5440
5204
4790
4735
4363
3689
3399
3161
2165
1867
1375
1255
521
265
7210
7066
6247
6110
5351
5326
5287
3809
3427
2997
2812
2269
1131
456
7111
7062
6166
5173
4380
4147
3907
3835
3772
3573
3457
3418
3227
3220
1719
1656
42
7330
6912
6872
6039
5988
5847
4432
4391
3923
3132
2891
2639
1850
1810
1355
313
3195
1805
1418
1232
890
608
105
7731
1779
1779
7392
6795
5727
5677
5310
1983
2697
3553
5794
7823
7823
5794
3553
2697
1983
5274
4466
1943
1123
7585
6829
6703
6174
4355
4027
3727
3321
1793
1250
986
6096
4124
3452
3302
3026
2771
2590
1882
1633
1064
874
580
7305
1912
7328
7328
262
676
2158
4309
4764
4934
4956
6504
6867
7094
7385
7426
7446
7446
731
731
2782
6735
6735
2782
7426
7385
7094
1107
2075
2075
1107
6867
6504
4956
4934
4764
4309
2158
676
262
1912
7188
7162
6960
6657
4757
3603
3552
2200
1899
889
829
607
582
382
340
106
6873
6673
6666
5662
4824
4093
3638
3448
2631
2557
2367
2077
2039
1343
1219
1173
998
779
679
644
250
85
7283
7116
7056
6753
6544
5786
5776
5020
4458
4396
3599
3431
3314
3004
2325
1677
1476
1234
1144
952
6020
5514
3219
2136
1743
1164
630
6900
6763
6524
6404
5037
4835
4679
4176
3562
3344
3013
2944
2928
2127
1804
1049
1015
931
845
697
677
259
5771
212
1854
1865
2512
3833
4568
4695
5863
6131
6153
6785
6847
7375
7497
7497
1367
1555
2819
3312
4263
5700
7683
7683
419
690
2849
3813
4169
4502
6178
6225
7040
7085
7085
79
637
790
1082
1832
2055
2765
3403
3478
4100
4284
4673
7021
7343
7487
7632
7632
718
2684
4050
7197
7766
7766
182
460
497
1176
1201
1271
2298
2435
2483
3201
3306
3571
3984
4539
6218
6624
6725
6780
6802
7026
7092
7508
7508
502
717
1406
2922
3221
3316
3411
3855
4598
4748
5086
5138
5691
5906
6709
6744
7252
7580
7601
7601
210
596
2630
2649
3354
3469
3679
4004
4321
4512
4965
5797
5929
6360
6838
6883
7365
7365
260
414
540
2012
2275
2310
2841
3247
3279
3495
4126
4470
5374
5713
5940
6181
6981
7526
7628
7761
7761
1339
1493
3965
4615
5474
5808
5982
7082
7295
7295
21
356
941
1156
2671
2798
4456
4541
5955
7211
7211
41
1245
1817
2668
2943
3109
4400
4677
5904
6011
6486
7570
7931
7931
103
643
812
1557
1756
2260
2285
2493
2852
3077
4621
4840
5149
5668
6133
6257
6377
6384
6501
7686
7727
7727
568
962
1046
2239
3734
4828
5762
6187
6469
7809
7900
7900
1254
1653
2931
4172
4285
4614
5029
5190
5342
6025
6531
7043
7043
504
601
1060
1170
1533
1772
3261
7359
7359
3261
452
3713
3850
4048
5300
7770
7770
1468
1472
2679
3007
4692
7709
7709
4692
3007
2679
1472
1468
5300
4048
3850
3713
452
1772
1533
1170
1060
601
504
6531
6025
1172
2795
3359
5869
5869
3359
2795
1172
5342
1590
2174
5090
5090
2174
1590
5190
5029
4614
4285
4172
2931
1653
1254
7809
6469
6187
5762
4828
3734
2239
1046
962
568
7686
6714
6714
6501
6384
6377
6257
6133
5668
5149
4840
4621
3077
2852
2493
2285
2260
1756
1557
812
643
103
7570
6486
6011
5904
4677
4400
3109
2943
2668
1817
1245
41
5955
4541
4456
2832
2832
2798
2671
1156
941
356
21
7082
5982
5808
5474
4615
3965
1493
1339
7628
7526
6981
6181
498
740
2319
3012
3036
3711
5033
6770
7667
7667
6770
5033
3711
3036
3012
2319
740
498
3444
5035
5035
3444
5940
5713
5374
4470
4126
3495
3279
3247
2841
2310
2275
2012
540
414
260
6883
6838
6360
5929
1714
1923
1923
1714
5797
4965
4512
4321
4004
3679
3469
3354
2649
2630
596
210
7580
561
7233
7435
7435
1281
1501
1824
4103
4862
6729
7496
7886
7886
7
750
1434
1948
4038
5503
5563
5975
6164
7278
7278
6164
691
691
5975
5563
5503
4038
1948
1434
750
7
7496
6729
4862
4103
1824
1501
1281
7233
561
7252
6744
6709
5906
5691
5138
5086
4748
4598
3855
3411
3316
3221
2922
1406
717
502
7092
7026
6802
6780
6725
6624
6218
4539
3984
3571
3306
3201
2483
2435
2298
1271
1201
1176
497
460
182
7197
4050
2684
718
7487
7343
7021
4673
4284
4100
3478
3403
2765
2055
1832
1082
790
637
79
7040
6225
6178
4502
4169
3813
2849
690
419
5700
4263
3312
2819
1555
1367
7375
6847
6785
6153
6131
5863
4695
4568
3833
2512
1865
1854
212
5470
4420
4301
3329
2348
1125
7417
6996
6858
6015
5654
4924
4836
4724
4650
4325
4153
3893
3812
3616
3496
2723
2385
2117
792
6908
6727
6602
6168
5607
5367
4404
4205
3829
3334
3087
2823
1317
850
299
7468
4504
4441
2104
2000
1389
1068
151
7627
7614
7286
7105
7061
6833
6581
6328
6118
6071
5423
5131
5039
4464
3838
3741
3057
2760
2248
1896
1258
929
508
298
249
7194
6362
5996
5722
5577
5344
5314
4945
4799
4652
4516
4426
4087
3200
2979
2836
2796
2681
2514
1814
1544
1341
1276
1237
1105
282
5335
5335
2994
2994
756
2695
2695
756
1816
1816
84
84
6395
6395
3915
3915
6288
6288
1499
1499
2204
2204
