14
133
367
533
856
981
1042
1058
1134
1578
1675
1844
1941
2159
2173
2187
2421
2450
2633
2735
2749
2904
2959
3216
3568
3643
3715
3988
4450
4563
4567
4636
4678
5002
5165
5276
5350
5378
6355
6985
7373
7400
7400
386
1279
1694
1752
2824
3088
3106
3656
3781
4095
4231
4255
5692
5717
5862
6007
6060
6132
6956
7198
7908
7908
1568
1999
2226
3464
3532
5743
6338
7457
7516
7516
113
808
900
1374
2264
2376
3173
3177
3497
4031
4283
5425
7784
7870
7870
302
323
324
578
1155
1370
2867
3147
3466
4061
4492
4868
5316
5509
5880
6045
6708
6747
7926
7987
7987
745
956
1135
1283
2020
2095
2438
3516
3720
3925
4070
5125
6021
6224
7165
7421
7421
641
933
1561
1900
2088
2168
2761
2854
2903
3626
4154
4570
6038
6112
6202
6784
7047
7205
7623
7663
7663
953
1240
1521
2010
2234
2388
2417
2556
2592
3776
3851
3999
4186
5450
5927
7644
7644
416
982
1569
1658
2451
2485
2715
2745
2899
3126
3763
4526
5198
5467
5584
6534
6655
6688
7195
7577
7577
187
444
958
1157
2395
2416
3434
3646
4066
4278
4991
6212
6512
6686
6782
6852
6897
7182
7280
7302
7429
7429
270
1231
4668
4668
532
725
753
1059
1356
1858
2078
2379
2966
2989
3043
3044
3137
3440
4015
4475
4549
4872
5937
6092
6123
6691
6797
7284
7465
7624
7978
7978
1930
2033
2247
3048
3859
4574
5214
5357
5640
5726
5882
5882
167
381
503
510
749
1209
1787
2144
2490
2934
3035
3680
3826
4605
6495
6658
6683
7130
7157
7207
7315
7792
7797
7797
2101
2267
2741
2840
2863
3294
3649
4532
4843
5021
6130
6433
6499
6627
7241
7995
7995
301
673
1300
1421
1436
1469
1601
2109
3097
3175
3211
4039
4280
4329
4403
4804
4901
5240
5583
5646
6430
6436
6439
6607
6953
7011
7011
667
681
799
2137
3660
3933
4340
4645
5281
5804
6208
7119
7248
7248
1236
1236
1326
6289
6779
6779
6289
1326
7119
94
619
1169
1664
1840
2312
2518
2940
3284
3340
4105
4536
4722
5858
6184
6216
6431
6783
7217
7520
7681
7681
1000
1095
2279
2365
2474
2635
4271
4940
4962
5498
6772
6839
7923
7923
1091
1549
1955
3217
3373
3958
4479
4585
4720
5239
6323
6573
6886
6886
44
506
906
1054
2281
4266
4320
4873
5365
5608
6188
6378
6387
6577
6865
7046
7986
7986
7046
71
446
894
1435
1927
3779
4370
4858
5121
5124
5674
7568
7831
7831
19
27
156
485
567
841
1230
1916
2257
2407
2471
2509
2960
3183
3605
3672
3982
4228
4398
4556
4581
4989
5315
6059
6080
6737
6877
6998
7452
7880
7880
584
1142
1739
1964
2461
3878
5406
5866
6091
6401
6535
6535
6286
6286
1212
1309
2082
2317
2357
4158
4736
5166
5256
5465
5580
6456
6566
6617
6617
398
399
404
647
752
759
832
855
1382
1700
2292
2347
2419
2487
3082
3272
3473
3786
3821
4230
4925
4984
5175
5402
5683
5698
5767
6357
6368
6416
6517
6819
6957
6972
6993
7083
7245
7320
7409
7712
7712
516
786
2162
3319
3504
3892
4794
6309
7650
7796
7861
7861
184
211
1037
1261
2763
3308
3966
3973
4006
4701
6043
6481
6527
6527
420
1918
3020
4229
5261
7371
7371
152
2593
2815
3642
4091
4170
7955
7955
218
6032
6982
7890
7956
7956
7890
6982
6032
218
4170
4091
3642
2815
2593
152
5261
4229
3020
1918
420
6481
6043
390
468
1100
1378
1454
2489
2643
3356
7363
7867
7873
7873
470
605
1477
1651
1932
1942
2063
2119
2121
2190
2284
2759
3271
3291
3382
3543
3914
4184
4311
4486
4879
5596
7478
7695
7695
7478
89
477
715
794
862
971
2208
3870
4267
4686
5774
6569
6832
7790
7790
1847
3067
3574
4005
4235
4444
4507
4555
5250
5586
7109
7844
7844
1697
5710
6520
7063
7063
6520
576
646
800
817
1293
1538
2456
2552
2751
3180
3554
3792
3936
4003
4274
4447
4638
4785
4969
5433
5547
5612
5702
6058
7084
7084
38
227
546
692
950
1115
1396
1410
1859
2873
3332
3726
3962
4572
4577
5318
6135
6526
6736
6894
7449
7850
7850
215
2995
6390
6390
327
465
541
627
1208
1702
1904
2079
2293
2925
2954
3154
3171
3300
3376
3739
4104
4387
5340
5759
6065
6979
7179
7179
100
126
162
649
2436
2647
4279
5182
5418
6786
7012
7012
6786
5418
5182
1494
3156
5530
5644
5977
7290
7564
7693
7693
67
867
1398
1511
1649
1869
2736
3264
3481
5148
5157
5745
5798
5951
5966
6966
7656
7656
424
811
820
1330
1381
1556
1605
2243
4162
4854
5132
5469
5480
5916
6554
6684
7093
7840
7840
2286
3368
3414
4603
5739
7036
7036
276
704
798
1709
1783
1895
2237
2535
2732
3341
3941
4036
4381
5442
5499
5773
5962
6422
6716
7552
7696
7884
7884
43
507
579
1111
1763
1925
2177
2499
2554
2642
3128
4240
4409
4562
4624
4663
5001
5111
5141
5227
5715
6389
6664
7393
7898
7898
263
670
698
944
1159
1570
1866
1874
2699
2753
2784
2803
3542
3748
4860
4914
4985
5476
5550
5650
6125
6548
6771
7473
7975
7975
1220
2332
2614
2624
2664
3632
3905
4538
4700
4861
4913
5066
5434
5459
6559
6605
7095
7565
7565
1513
1576
3176
3482
4144
4462
4806
5690
5956
6425
6425
91
1952
2524
3498
4717
4717
1026
1504
2603
3286
3360
3764
4021
4253
4295
5291
5337
5795
6266
6882
6932
7202
7202
272
357
1949
2558
3260
3518
4002
5372
5806
5815
6145
6808
6870
7072
7174
7174
129
763
2669
2773
4307
5098
6028
6243
7846
7846
1828
7918
7918
1828
6243
6028
5098
4307
2773
2669
763
129
7072
6870
6808
6145
5815
5806
5372
4002
3518
3260
2558
1949
357
272
6932
6882
6266
5795
5337
5291
4295
4253
4021
3764
3360
3286
2603
1504
1026
3498
2524
1952
7953
7953
91
5956
5690
758
7546
7578
7578
526
1008
1527
1710
2214
2304
2343
2503
3254
3315
3947
3963
4800
5069
5112
5601
6143
6341
7015
7015
635
1345
2074
3876
4909
6551
6731
6775
7222
7306
7306
241
245
741
851
901
1204
1914
2001
3070
3151
3232
3778
4182
5235
5578
6088
6463
7032
7273
7273
560
1800
2420
3222
3759
3863
4832
4998
5769
5801
6464
6798
7022
7347
7472
7472
990
4740
6821
6821
887
1183
1654
1868
2030
3194
3479
3491
3709
4054
4109
4579
4687
4707
5867
6898
7576
7591
7591
1807
1833
3594
7710
7710
421
479
709
1334
2153
2341
2352
2354
2536
2857
3327
3561
5099
5770
5931
6026
6630
7633
7633
143
1171
1320
1373
1466
2005
2396
2588
2609
2897
5451
5686
7883
7883
107
219
911
1526
1761
2256
3224
4332
4386
4489
5305
5750
6179
6262
6451
6609
7852
7937
7937
26
499
806
1228
1267
1335
1347
1385
2478
2864
3335
4094
4190
5290
6813
6834
7338
7535
7535
1978
2826
3307
3730
3854
4043
4943
5362
6302
6302
5362
1449
1456
2149
3179
3463
3619
4522
4547
5212
5528
5551
5768
7835
7835
5768
141
225
542
1310
1770
2210
3047
3617
3701
3976
4067
4904
5333
6276
6646
6758
6758
400
1404
1592
1825
3670
3799
4215
4467
5339
5985
6241
7070
7070
7477
7477
6241
1127
2015
3667
3885
3985
4594
6067
6326
6633
6695
7230
7341
7845
7845
61
695
723
3296
4454
5304
6074
6209
6209
221
478
523
984
1077
1151
1717
2216
2330
2714
2831
2845
3940
4018
4137
4438
4442
5030
5831
5941
6017
7882
7882
203
995
1377
1638
2523
3133
3159
4293
4967
6604
7958
7958
255
1038
1977
2972
3021
4122
4155
4478
4884
5468
6046
7076
7951
7951
3803
4779
6223
6223
1467
1781
2363
2370
2926
4499
4531
4591
5059
5544
6479
7350
7453
7528
7767
7767
118
213
973
1084
1765
2172
2581
2750
2942
3014
3118
3239
4358
4657
4842
4855
4980
5116
5429
5534
5696
5850
6423
6681
6742
6805
7029
7187
7187
199
783
1312
2185
2586
4871
5821
6347
6764
6764
369
1062
1106
1328
1920
2080
2236
3521
3592
4108
4908
5161
5209
5354
5526
6325
6489
7049
7781
7925
7925
5390
6301
6301
5390
7781
3628
5247
5247
2181
3001
3090
3193
3230
3277
3424
4148
4604
5167
5455
5496
5788
6144
6321
6777
7112
7513
7548
7548
678
2778
3349
7331
7776
7776
688
2739
4221
6106
6616
6997
6997
36
7780
7780
36
6616
6106
4221
2739
688
7331
3129
3129
3349
2778
3098
3322
4032
4164
4422
5016
5184
5675
6434
7360
7360
771
967
1085
1206
2921
2980
3523
5008
5174
5284
6370
6661
6888
7057
7323
7352
7699
7787
7990
7990
565
2517
2596
3258
3556
4115
4564
4588
4593
4753
4970
5067
5356
5594
6052
6462
7172
7737
7737
833
1594
2469
2693
2708
2970
4141
4239
4394
5026
5042
5520
6572
7045
7069
7826
7826
312
1098
1282
1679
1706
1712
2342
4157
4316
4379
5075
5347
5775
6904
7258
7289
7463
7555
7685
7685
46
253
2042
2044
2574
3337
3609
3827
4210
5888
5943
6562
6733
7450
7529
7659
7947
7947
1097
1463
3844
3844
4978
4978
1463
1097
7659
7529
7450
577
577
6733
6562
5943
5888
4210
3827
3609
3337
2574
2044
2042
253
46
7555
7949
7949
7463
7289
5859
5859
5623
6595
7206
7206
6595
5623
7258
6904
5775
5347
5075
4379
4316
4157
2342
1712
1706
1679
1282
1098
312
7069
7045
6572
5520
5042
5026
4394
4239
4141
2970
2708
2693
2469
1594
833
7172
6462
6052
5594
5356
5067
4970
4753
4593
4588
4564
4115
3556
3258
2596
2517
565
7787
7699
7352
7323
7057
6888
6661
6370
5284
5174
5008
3523
2980
2921
1206
1085
967
771
6434
5675
5184
5016
4422
4164
4032
3322
3098
678
7513
7112
6777
6321
6144
5788
5496
5455
5167
4604
4148
3424
3277
3230
3193
3090
3001
2181
3628
7049
6489
6325
5526
5354
5209
5161
4908
4108
3592
3521
2236
2080
1920
1328
1106
1062
369
6347
5821
4871
2586
2185
1312
783
199
7029
6805
6742
6681
6423
5850
5696
5534
5429
5116
4980
4855
4842
4657
4358
3239
3118
3014
2942
2750
2581
2172
1765
1084
973
213
118
7528
7453
7350
6479
5544
5059
4591
4531
4499
2926
2370
2363
1781
1467
4779
3803
7076
6046
5468
4884
4478
4155
4122
3021
2972
1977
1038
255
6604
4967
4293
3159
3133
2523
1638
1377
995
203
6017
5941
5831
5030
4442
4438
4137
4018
3940
2845
2831
2714
2330
2216
1717
1151
1077
984
523
478
221
6074
5304
4454
3296
723
695
61
7341
7230
6695
6633
6326
6067
4594
3985
3885
3667
2015
1127
5985
5339
4467
4215
3799
3670
6115
6115
1825
1592
1404
400
6646
6276
5333
4904
4067
3976
3701
3617
3047
2210
1770
1310
542
225
141
5551
5528
5212
4547
4522
3619
3463
3179
2149
1456
1449
4943
4043
3854
3730
3307
2826
1978
7338
735
4601
6656
6656
4601
735
6834
6813
5290
4190
4094
3335
2864
2478
1385
1347
1335
1267
1228
806
499
26
7852
6609
6451
6262
6179
5750
5305
4489
4386
4332
3224
2256
1761
1526
911
219
107
5686
5451
2897
2609
2588
2396
2005
1466
1373
1320
1171
143
6630
6026
5931
5770
5099
3561
3327
2857
2536
2354
2352
2341
2153
1334
709
479
495
495
421
3594
1833
1807
7576
6898
5867
4707
4687
4579
4109
4054
3709
3491
3479
3194
2030
1868
1654
1183
4746
4746
887
4740
990
7347
7022
6798
6464
5801
5769
4998
4832
3863
3759
3222
2420
1800
560
7032
6463
6088
5578
6047
6047
5235
4182
3778
3232
3151
3070
2001
1914
1204
901
851
741
245
241
7222
6648
6648
6775
6731
6551
4909
3876
2074
1345
635
6341
6143
5601
5112
5069
4800
3963
3947
3315
3254
2503
2343
2304
2214
1710
1527
1008
526
7546
758
4806
4462
4144
3482
3176
1576
1513
7095
6605
6559
5459
5434
5066
4913
4861
4700
4538
3905
3632
2664
2624
2614
2332
1220
7473
6771
6548
6125
5650
5550
5476
4985
4914
4860
3748
3542
2803
2784
2753
2699
1874
1866
1570
1159
944
698
670
263
7393
6664
6389
5715
5227
5141
5111
5001
4663
4624
4562
4409
4240
3128
2642
2554
2499
2177
1925
1763
1111
579
507
43
7696
7552
6716
6422
5962
5773
5499
5442
4381
4036
3941
3341
2732
2535
2237
1895
1783
1709
798
704
276
5739
4603
3414
3368
2286
7093
6684
6554
5916
5480
5469
5132
4854
4162
2243
1605
1556
1381
1330
820
811
424
6966
5966
5951
5798
5745
5157
5148
3481
3264
2736
1869
1649
1511
1398
867
67
7564
7290
5977
5644
5530
3156
1494
4279
2647
2436
649
162
126
100
6979
6065
5759
5340
4387
4104
3739
3376
3300
3171
3154
2954
2925
2293
2079
1904
1702
1208
627
541
465
327
2995
215
7449
6894
6736
2505
2505
122
1121
1338
1338
1121
122
6526
6135
5318
4577
4572
3962
3726
3332
2873
1859
1410
1396
1115
950
692
546
227
38
6058
5702
5612
5547
5433
4969
4785
4638
4447
4274
4003
3936
3792
3554
3180
2751
2552
2456
1538
1293
817
800
646
576
5710
1697
7109
5586
5250
4555
4507
4444
4235
4005
3574
3067
1847
6832
6569
5774
4686
4267
3870
2208
914
6172
6172
914
971
862
794
715
477
89
5596
4879
393
393
4486
4311
4184
3914
3543
3382
3291
3271
2759
2284
4156
4156
2190
2121
2119
2063
1942
1932
1651
1477
605
470
7867
7363
3356
2643
2489
1454
1378
1100
468
390
4701
4006
3973
3966
3308
2763
1261
1037
211
184
7796
7650
6309
4794
3892
3504
3319
2162
786
516
7409
7320
7245
7083
6993
6972
6957
6819
6517
6416
6368
6357
5767
5698
5683
5402
5175
4984
4925
4230
3821
3786
3473
3272
3082
2487
2419
2347
2292
1700
1382
855
832
759
752
647
404
399
398
6566
6456
5580
5465
5256
5166
4736
4158
2357
2317
2082
1309
1212
6401
5040
5040
2656
2677
5153
6365
7200
7200
985
988
5981
7268
7268
336
511
1093
1661
2295
2627
2706
2814
2865
3355
3458
4199
4977
4988
5511
6935
7201
7301
7962
7962
700
898
977
2501
3383
3686
4459
6649
7033
7033
243
793
1813
3170
3385
4181
4670
5215
5667
5742
6762
7300
7300
6762
2936
2936
5742
7791
7791
5667
5215
4670
4181
3385
3170
1813
793
243
6649
4459
3686
3383
2501
977
898
700
7301
7201
6935
5511
4988
4977
4199
3458
3355
2865
2814
2706
2627
2295
1661
1093
511
336
5981
988
985
6365
5153
2677
2656
6091
5866
5406
3878
2461
1964
1739
1142
584
7452
6998
6877
6737
6080
6059
5315
4989
4581
4556
4398
4228
3982
3672
3605
3183
2960
2509
2471
2407
2257
1916
1230
841
567
485
156
27
19
7568
5674
5124
5121
4858
4370
3779
1927
1435
894
446
71
6865
6577
6387
6378
6188
5608
5365
4873
4320
4266
2281
1054
906
506
44
6573
6323
475
2169
2315
2689
2822
5600
6635
7038
7193
7357
7357
7193
57
220
296
349
413
550
680
707
885
908
1455
1503
1723
2266
2393
6090
6150
6150
490
913
1571
2769
2879
3256
3545
5203
6159
6159
236
457
949
2504
3064
3551
3678
4457
4622
4697
7836
7836
617
813
1273
3320
3886
4608
4628
4696
4708
4995
5364
5829
5974
6420
7617
7617
6420
1529
2057
4214
4496
5909
5909
370
620
651
1128
1705
2253
2527
3547
4084
4660
4933
5128
5589
7265
7324
7425
7560
7621
7621
1177
2828
4827
4833
4833
1022
1650
1919
2701
2932
3191
5034
5748
7362
7848
7848
553
3235
4234
4973
5525
6705
6705
5525
486
489
569
907
993
1383
1924
4178
4418
5329
6009
6051
6354
6391
6958
7607
7607
2665
2728
3326
4551
5397
6400
6702
7456
7676
7676
1957
2722
3584
5441
5687
6841
7701
7701
6841
5058
5058
5687
2258
2725
4247
7443
7443
4247
2725
2258
5441
3584
2722
1957
7456
6702
6400
5397
4551
3326
2728
2665
6958
6391
6354
6051
6009
5329
4418
4178
1924
1383
993
907
569
489
486
4973
4234
3235
553
7362
5748
5034
3191
2932
2701
1919
1650
1022
4827
2828
1177
7560
7425
7324
7265
5589
5128
4933
4660
4084
3547
2527
2253
1705
1128
651
620
370
4496
4214
2057
1529
5974
5829
5364
4995
4708
4696
4628
4608
3886
3320
1273
813
617
4697
4622
4457
3678
3551
3064
2504
949
457
236
5203
3545
3256
2879
2769
1571
913
490
6090
2393
2266
1723
1503
1455
908
885
707
680
550
413
349
296
220
57
7038
6635
5600
2822
2689
2315
2169
475
5239
4720
4585
4479
3958
3373
3217
1955
1549
1091
6839
6772
5498
4962
4940
4271
2635
2474
2365
2279
1095
1000
7520
7217
6783
6431
6216
6184
5858
4722
4536
4105
3340
3284
2940
2518
2312
1840
1664
1169
619
94
6208
5804
5281
4645
4340
3933
3660
2137
799
681
667
6953
6607
6439
6436
6430
5646
5583
5240
4901
4804
4403
4329
4280
4039
3211
3175
3097
2109
1601
1469
1436
1421
1300
673
301
7241
6627
6499
6433
6130
5021
4843
4532
3649
3294
2863
2840
2741
2267
2101
7792
7315
7207
7157
7130
6683
6658
6495
4605
3826
3680
3035
2934
2490
2144
1787
1209
749
510
503
381
167
5726
5640
5357
5214
4574
3859
3048
2247
2033
1930
7624
7465
7284
6797
6691
6123
6092
5937
4872
4549
4475
4015
3440
3137
3044
3043
2989
2966
2379
2078
1858
1356
1059
753
725
532
1231
270
7302
7280
7182
6897
6852
6782
6686
6512
6212
4991
4278
4066
3646
3434
2416
2395
1157
958
444
187
7195
6688
6655
6534
5584
5467
5198
4526
3763
3126
2899
2745
2715
2485
2451
1658
1569
982
416
5927
5450
4186
3999
3851
3776
2592
2556
2417
2388
2234
2010
1521
7219
7219
1240
953
7623
7205
7047
6784
6202
6112
6038
4570
4154
3626
2903
2854
2761
2168
2088
1900
1561
933
641
7165
6224
6021
5125
4070
3925
3720
3516
2438
2095
2020
1283
1135
956
745
7926
6747
6708
3471
3471
6045
5880
5509
1908
1908
5316
4868
4492
4061
3466
3147
2867
1370
1155
578
324
323
302
7784
5425
4283
4031
3497
3177
3173
2376
2264
1374
900
808
113
7457
6338
5743
3532
3464
2226
1999
1568
7198
6956
7641
7641
6132
6060
6007
5862
5717
5692
4255
4231
4095
3781
3656
3106
3088
2824
1752
1694
1279
386
7373
6985
6355
5378
5350
5276
5165
5002
4678
4636
4567
4563
4450
3988
3715
3643
3568
3216
2959
2904
2749
2735
2633
2450
2421
2187
2173
2159
1941
1844
1675
1578
1134
1058
1042
981
856
533
367
133
4476
6279
6279
4476
80
80
293
293
3992
4781
4781
3992
