10
15
37
412
415
796
1098
1191
1252
1383
1420
1566
1624
1645
1705
1865
1868
1936
1936
75
111
716
1106
1643
1653
1658
1658
31
451
485
548
905
1088
1411
1411
128
937
1955
1955
937
1351
1923
1923
1351
907
925
1838
1838
358
578
626
746
1327
1396
1751
1751
214
353
633
669
1236
1247
1299
1299
57
563
577
850
896
1063
1256
1329
1788
1828
1878
1893
1893
362
549
921
1005
1610
1774
1774
658
752
1066
1366
1596
1634
1804
1844
1844
67
910
1075
1075
303
303
342
554
613
853
923
992
1077
1169
1336
1542
1655
1789
1806
1995
1995
172
429
534
845
953
1072
1265
1603
1805
1805
136
163
258
912
1137
1337
1405
1663
1663
696
1035
1134
1335
1335
484
758
1308
1541
1934
1958
1960
1960
1195
1195
1958
470
929
1381
1381
161
642
1229
1280
1703
1925
1925
315
927
1061
1163
1558
1895
1895
1489
1489
1558
40
85
371
373
481
552
638
761
999
1268
1275
1417
1671
1719
1772
1861
1874
1874
732
757
760
903
1255
1372
1423
1889
1889
56
247
1044
1556
1556
65
446
1595
1595
183
269
623
652
670
837
838
946
1158
1231
1661
1836
1953
1987
1987
282
301
1602
1908
1908
286
355
363
772
943
1019
1273
1957
1957
43
138
166
426
514
721
952
1018
1135
1240
1262
1306
1378
1706
1782
1945
1966
1966
1945
16
1032
1449
1608
1660
1680
1916
1997
1997
306
536
1360
1715
1715
1360
536
306
1916
1680
1660
1608
1449
1032
16
1782
1706
1378
1306
1262
1240
1135
1018
952
721
514
426
166
138
43
1273
1019
943
772
363
355
286
1602
301
282
1953
1836
1661
1231
1158
946
838
837
670
652
623
269
183
446
65
1044
247
158
395
395
158
56
1423
1372
1255
903
760
757
732
1861
1772
1719
1671
1417
1275
1268
999
761
638
552
481
373
371
85
40
1163
1061
927
315
1703
1280
1229
642
161
929
470
1934
1541
1308
758
484
1134
1035
696
1405
1337
1137
807
877
877
807
912
258
163
136
1603
1265
1072
953
845
534
429
172
1806
1789
1655
1542
1336
1169
1077
992
923
853
613
554
342
910
67
1804
1634
1596
1366
1066
752
658
1610
1005
921
549
362
1878
1828
1788
1329
1256
1063
896
850
577
563
57
1247
1236
669
633
353
214
1396
1327
746
626
578
358
925
907
128
1088
905
548
485
451
31
1653
1643
1106
716
111
75
1868
1865
1705
1645
894
894
1624
1566
1420
1383
1252
1191
1098
796
415
412
37
15
1096
1096
1777
1982
1982
62
62
1777
1364
1591
1591
1152
1152
1364
1222
1222
